Date,Vaccinated (daily),Vaccinated (cumu),Vaccinated population percentage,Second dose (daily),Second dose (cumu),Second dose population precentage,Third dose (daily),Third dose (cumu),Third dose population precentage
2020-12-19,43,60,0,0,0,0,0,0,0
2020-12-20,7375,7435,0.08,0,0,0,0,0,0
2020-12-21,24884,32319,0.35,0,0,0,0,0,0
2020-12-22,44618,76937,0.83,0,0,0,0,0,0
2020-12-23,62836,139773,1.5,0,0,0,0,0,0
2020-12-24,73333,213106,2.29,0,0,0,0,0,0
2020-12-25,38453,251559,2.71,0,0,0,0,0,0
2020-12-26,32574,284133,3.06,0,0,0,0,0,0
2020-12-27,104373,388506,4.18,0,0,0,0,0,0
2020-12-28,134817,523323,5.63,0,0,0,0,0,0
2020-12-29,155965,679288,7.3,0,0,0,0,0,0
2020-12-30,152739,832027,8.95,0,0,0,0,0,0
2020-12-31,158195,990222,10.65,0,0,0,0,0,0
2021-01-01,71239,1061461,11.41,0,0,0,0,0,0
2021-01-02,71631,1133092,12.18,0,0,0,0,0,0
2021-01-03,149418,1282510,13.79,0,0,0,0,0,0
2021-01-04,151849,1434359,15.42,1,1,0,0,0,0
2021-01-05,124867,1559226,16.77,0,1,0,0,0,0
2021-01-06,103077,1662303,17.88,0,1,0,0,0,0
2021-01-07,115829,1778132,19.12,5,6,0,0,0,0
2021-01-08,66307,1844439,19.83,3,9,0,0,0,0
2021-01-09,44456,1888895,20.31,22,31,0,0,0,0
2021-01-10,37543,1926438,20.72,5987,6018,0.06,0,0,0
2021-01-11,21019,1947457,20.94,19238,25256,0.27,0,0,0
2021-01-12,23912,1971369,21.2,35640,60896,0.65,0,0,0
2021-01-13,51927,2023296,21.76,56819,117715,1.27,0,0,0
2021-01-14,56302,2079598,22.36,68761,186476,2.01,0,0,0
2021-01-15,30619,2110217,22.69,35886,222362,2.39,0,0,0
2021-01-16,29367,2139584,23.01,25978,248340,2.67,0,0,0
2021-01-17,68264,2207848,23.74,84468,332808,3.58,0,0,0
2021-01-18,69529,2277377,24.49,120230,453038,4.87,0,0,0
2021-01-19,72587,2349964,25.27,137545,590583,6.35,0,0,0
2021-01-20,76541,2426505,26.09,143419,734002,7.89,0,0,0
2021-01-21,69595,2496100,26.84,163998,898000,9.66,0,0,0
2021-01-22,37720,2533820,27.25,70930,968930,10.42,0,0,0
2021-01-23,39855,2573675,27.68,53478,1022408,10.99,0,0,0
2021-01-24,68940,2642615,28.42,140355,1162763,12.5,0,0,0
2021-01-25,80745,2723360,29.29,139187,1301950,14,0,0,0
2021-01-26,78485,2801845,30.13,126090,1428040,15.36,0,0,0
2021-01-27,77704,2879549,30.97,124728,1552768,16.7,0,0,0
2021-01-28,79416,2958965,31.82,130307,1683075,18.1,0,0,0
2021-01-29,36522,2995487,32.21,64627,1747702,18.79,0,0,0
2021-01-30,34296,3029783,32.58,42664,1790366,19.25,0,0,0
2021-01-31,73187,3102970,33.37,59347,1849713,19.89,0,0,0
2021-02-01,82283,3185253,34.25,35215,1884928,20.27,0,0,0
2021-02-02,69868,3255121,35,30953,1915881,20.6,0,0,0
2021-02-03,60078,3315199,35.65,51278,1967159,21.15,0,0,0
2021-02-04,72393,3387592,36.43,57924,2025083,21.78,0,0,0
2021-02-05,33781,3421373,36.79,28662,2053745,22.09,0,0,0
2021-02-06,21536,3442909,37.02,22140,2075885,22.32,0,0,0
2021-02-07,53945,3496854,37.6,68549,2144434,23.06,0,0,0
2021-02-08,58484,3555338,38.23,65206,2209640,23.76,0,0,0
2021-02-09,66127,3621465,38.94,67286,2276926,24.48,0,0,0
2021-02-10,70341,3691806,39.7,71965,2348891,25.26,0,0,0
2021-02-11,80900,3772706,40.57,71545,2420436,26.03,0,0,0
2021-02-12,38939,3811645,40.99,37416,2457852,26.43,0,0,0
2021-02-13,27389,3839034,41.28,30355,2488207,26.76,0,0,0
2021-02-14,74737,3913771,42.09,68879,2557086,27.5,0,0,0
2021-02-15,81326,3995097,42.96,75495,2632581,28.31,0,0,0
2021-02-16,83325,4078422,43.86,78048,2710629,29.15,0,0,0
2021-02-17,61800,4140222,44.52,75355,2785984,29.96,0,0,0
2021-02-18,68978,4209200,45.26,79509,2865493,30.81,0,0,0
2021-02-19,39565,4248765,45.69,37994,2903487,31.22,0,0,0
2021-02-20,31584,4280349,46.03,28647,2932134,31.53,0,0,0
2021-02-21,79320,4359669,46.88,78363,3010497,32.37,0,0,0
2021-02-22,84883,4444552,47.79,80373,3090870,33.24,0,0,0
2021-02-23,77196,4521748,48.62,70236,3161106,33.99,0,0,0
2021-02-24,60879,4582627,49.28,62881,3223987,34.67,0,0,0
2021-02-25,51514,4634141,49.83,64558,3288545,35.36,0,0,0
2021-02-26,25758,4659899,50.11,31890,3320435,35.71,0,0,0
2021-02-27,18257,4678156,50.31,21132,3341567,35.93,0,0,0
2021-02-28,40167,4718323,50.74,55721,3397288,36.53,0,0,0
2021-03-01,45512,4763835,51.23,61274,3458562,37.19,0,0,0
2021-03-02,41007,4804842,51.67,64540,3523102,37.89,0,0,0
2021-03-03,41786,4846628,52.12,66569,3589671,38.6,0,0,0
2021-03-04,39478,4886106,52.54,78857,3668528,39.45,0,0,0
2021-03-05,17164,4903270,52.73,40324,3708852,39.88,0,0,0
2021-03-06,10568,4913838,52.84,25279,3734131,40.16,0,0,0
2021-03-07,30973,4944811,53.17,72687,3806818,40.94,0,0,0
2021-03-08,27158,4971969,53.47,73090,3879908,41.72,0,0,0
2021-03-09,26503,4998472,53.75,76485,3956393,42.55,0,0,0
2021-03-10,23090,5021562,54,58513,4014906,43.17,0,0,0
2021-03-11,23059,5044621,54.25,68893,4083799,43.92,0,0,0
2021-03-12,11097,5055718,54.37,41303,4125102,44.36,0,0,0
2021-03-13,7849,5063567,54.45,25183,4150285,44.63,0,0,0
2021-03-14,20827,5084394,54.68,73838,4224123,45.42,0,0,0
2021-03-15,19912,5104306,54.89,78067,4302190,46.26,0,0,0
2021-03-16,18535,5122841,55.09,71362,4373552,47.03,0,0,0
2021-03-17,17502,5140343,55.28,58837,4432389,47.66,0,0,0
2021-03-18,15826,5156169,55.45,57969,4490358,48.29,0,0,0
2021-03-19,6749,5162918,55.52,27875,4518233,48.59,0,0,0
2021-03-20,5119,5168037,55.57,15228,4533461,48.75,0,0,0
2021-03-21,13035,5181072,55.71,40365,4573826,49.18,0,0,0
2021-03-22,13353,5194425,55.86,40377,4614203,49.62,0,0,0
2021-03-23,2603,5197028,55.89,7155,4621358,49.7,0,0,0
2021-03-24,10793,5207821,56,46355,4667713,50.19,0,0,0
2021-03-25,10037,5217858,56.11,35267,4702980,50.57,0,0,0
2021-03-26,4007,5221865,56.15,13219,4716199,50.72,0,0,0
2021-03-27,1710,5223575,56.17,4200,4720399,50.76,0,0,0
2021-03-28,2038,5225613,56.19,4550,4724949,50.81,0,0,0
2021-03-29,6771,5232384,56.27,29864,4754813,51.13,0,0,0
2021-03-30,7658,5240042,56.35,22237,4777050,51.37,0,0,0
2021-03-31,7952,5247994,56.43,19254,4796304,51.58,0,0,0
2021-04-01,7945,5255939,56.52,18468,4814772,51.78,0,0,0
2021-04-02,2768,5258707,56.55,7968,4822740,51.86,0,0,0
2021-04-03,1339,5260046,56.56,2880,4825620,51.89,0,0,0
2021-04-04,9538,5269584,56.67,22726,4848346,52.14,0,0,0
2021-04-05,10177,5279761,56.78,21084,4869430,52.36,0,0,0
2021-04-06,8771,5288532,56.87,16559,4885989,52.54,0,0,0
2021-04-07,8672,5297204,56.96,15094,4901083,52.7,0,0,0
2021-04-08,9160,5306364,57.06,16756,4917839,52.88,0,0,0
2021-04-09,3372,5309736,57.1,6054,4923893,52.95,0,0,0
2021-04-10,1491,5311227,57.11,3430,4927323,52.99,0,0,0
2021-04-11,8896,5320123,57.21,14098,4941421,53.14,0,0,0
2021-04-12,8704,5328827,57.3,13029,4954450,53.28,0,0,0
2021-04-13,5605,5334432,57.36,4782,4959232,53.33,0,0,0
2021-04-14,3427,5337859,57.4,5112,4964344,53.38,0,0,0
2021-04-15,450,5338309,57.41,413,4964757,53.39,0,0,0
2021-04-16,3191,5341500,57.44,6463,4971220,53.46,0,0,0
2021-04-17,743,5342243,57.45,1913,4973133,53.48,0,0,0
2021-04-18,6965,5349208,57.52,7351,4980484,53.56,0,0,0
2021-04-19,6207,5355415,57.59,6970,4987454,53.63,0,0,0
2021-04-20,6048,5361463,57.65,6691,4994145,53.7,0,0,0
2021-04-21,6152,5367615,57.72,6906,5001051,53.78,0,0,0
2021-04-22,5744,5373359,57.78,7467,5008518,53.86,0,0,0
2021-04-23,2586,5375945,57.81,3232,5011750,53.89,0,0,0
2021-04-24,680,5376625,57.82,1213,5012963,53.91,0,0,0
2021-04-25,4715,5381340,57.87,6827,5019790,53.98,0,0,0
2021-04-26,5331,5386671,57.93,7726,5027516,54.06,0,0,0
2021-04-27,4349,5391020,57.97,6420,5033936,54.13,0,0,0
2021-04-28,4311,5395331,58.02,7100,5041036,54.21,0,0,0
2021-04-29,4190,5399521,58.06,7089,5048125,54.29,0,0,0
2021-04-30,1731,5401252,58.08,3002,5051127,54.32,0,0,0
2021-05-01,382,5401634,58.09,820,5051947,54.33,0,0,0
2021-05-02,3155,5404789,58.12,5954,5057901,54.39,0,0,0
2021-05-03,3399,5408188,58.16,5631,5063532,54.45,0,0,0
2021-05-04,3384,5411572,58.19,4531,5068063,54.5,0,0,0
2021-05-05,3111,5414683,58.23,3867,5071930,54.54,0,0,0
2021-05-06,3439,5418122,58.26,2923,5074853,54.57,0,0,0
2021-05-07,1663,5419785,58.28,2283,5077136,54.6,0,0,0
2021-05-08,175,5419960,58.28,423,5077559,54.6,0,0,0
2021-05-09,2765,5422725,58.31,4629,5082188,54.65,0,0,0
2021-05-10,2764,5425489,58.34,4527,5086715,54.7,0,0,0
2021-05-11,2417,5427906,58.37,3642,5090357,54.74,0,0,0
2021-05-12,1819,5429725,58.39,3098,5093455,54.77,0,0,0
2021-05-13,1818,5431543,58.41,3484,5096939,54.81,0,0,0
2021-05-14,775,5432318,58.42,1333,5098272,54.82,0,0,0
2021-05-15,136,5432454,58.42,173,5098445,54.83,0,0,0
2021-05-16,427,5432881,58.42,1136,5099581,54.84,0,0,0
2021-05-17,188,5433069,58.42,758,5100339,54.85,0,0,0
2021-05-18,1816,5434885,58.44,4803,5105142,54.9,0,0,0
2021-05-19,2032,5436917,58.47,4878,5110020,54.95,0,0,0
2021-05-20,2100,5439017,58.49,3719,5113739,54.99,0,0,0
2021-05-21,1015,5440032,58.5,1225,5114964,55,0,0,0
2021-05-22,140,5440172,58.5,323,5115287,55.01,0,0,0
2021-05-23,2199,5442371,58.52,3127,5118414,55.04,0,0,0
2021-05-24,1977,5444348,58.55,3463,5121877,55.08,0,0,0
2021-05-25,1652,5446000,58.56,2437,5124314,55.1,0,0,0
2021-05-26,1237,5447237,58.58,2347,5126661,55.13,0,0,0
2021-05-27,1643,5448880,58.59,2954,5129615,55.16,0,0,0
2021-05-28,628,5449508,58.6,1246,5130861,55.17,0,0,0
2021-05-29,105,5449613,58.6,162,5131023,55.18,0,0,0
2021-05-30,1547,5451160,58.62,1850,5132873,55.2,0,0,0
2021-05-31,1573,5452733,58.64,1975,5134848,55.22,0,0,0
2021-06-01,1194,5453927,58.65,1690,5136538,55.24,0,0,0
2021-06-02,1316,5455243,58.66,1450,5137988,55.25,0,0,0
2021-06-03,1520,5456763,58.68,1294,5139282,55.27,0,0,0
2021-06-04,928,5457691,58.69,552,5139834,55.27,0,0,0
2021-06-05,105,5457796,58.69,66,5139900,55.27,0,0,0
2021-06-06,4187,5461983,58.74,877,5140777,55.28,0,0,0
2021-06-07,4239,5466222,58.78,671,5141448,55.29,0,0,0
2021-06-08,3576,5469798,58.82,1026,5142474,55.3,0,0,0
2021-06-09,3460,5473258,58.86,1151,5143625,55.31,0,0,0
2021-06-10,3192,5476450,58.89,1129,5144754,55.32,0,0,0
2021-06-11,1251,5477701,58.9,412,5145166,55.33,0,0,0
2021-06-12,138,5477839,58.91,89,5145255,55.33,0,0,0
2021-06-13,3046,5480885,58.94,1167,5146422,55.34,0,0,0
2021-06-14,2899,5483784,58.97,1385,5147807,55.36,0,0,0
2021-06-15,2977,5486761,59,1199,5149006,55.37,0,0,0
2021-06-16,2583,5489344,59.03,839,5149845,55.38,0,0,0
2021-06-17,2560,5491904,59.06,1021,5150866,55.39,0,0,0
2021-06-18,1120,5493024,59.07,345,5151211,55.39,0,0,0
2021-06-19,142,5493166,59.07,78,5151289,55.39,0,0,0
2021-06-20,3238,5496404,59.11,1220,5152509,55.41,0,0,0
2021-06-21,5056,5501460,59.16,1070,5153579,55.42,0,0,0
2021-06-22,6756,5508216,59.23,939,5154518,55.43,0,0,0
2021-06-23,10559,5518775,59.35,1121,5155639,55.44,0,0,0
2021-06-24,11856,5530631,59.47,1311,5156950,55.46,0,0,0
2021-06-25,6924,5537555,59.55,771,5157721,55.46,0,0,0
2021-06-26,2191,5539746,59.57,112,5157833,55.46,0,0,0
2021-06-27,13540,5553286,59.72,3325,5161158,55.5,0,0,0
2021-06-28,14355,5567641,59.87,3501,5164659,55.54,0,0,0
2021-06-29,16534,5584175,60.05,3544,5168203,55.58,0,0,0
2021-06-30,16291,5600466,60.22,3206,5171409,55.61,0,0,0
2021-07-01,16658,5617124,60.4,3210,5174619,55.65,9,9,0
2021-07-02,9676,5626800,60.51,1416,5176035,55.66,0,9,0
2021-07-03,2594,5629394,60.54,238,5176273,55.66,0,9,0
2021-07-04,17647,5647041,60.73,3082,5179355,55.7,0,9,0
2021-07-05,17697,5664738,60.92,2881,5182236,55.73,1,10,0
2021-07-06,17726,5682464,61.11,3232,5185468,55.76,3,13,0
2021-07-07,15355,5697819,61.27,2524,5187992,55.79,7,20,0
2021-07-08,16433,5714252,61.45,2689,5190681,55.82,10,30,0
2021-07-09,11023,5725275,61.57,1331,5192012,55.83,0,30,0
2021-07-10,4894,5730169,61.62,305,5192317,55.84,2,32,0
2021-07-11,1387,5731556,61.63,2766,5195083,55.87,0,32,0
2021-07-12,2322,5733878,61.66,3518,5198601,55.9,42,74,0
2021-07-13,2850,5736728,61.69,5279,5203880,55.96,113,187,0
2021-07-14,2606,5739334,61.72,7339,5211219,56.04,437,624,0.01
2021-07-15,2858,5742192,61.75,9094,5220313,56.14,365,989,0.01
2021-07-16,1156,5743348,61.76,5740,5226053,56.2,60,1049,0.01
2021-07-17,298,5743646,61.76,1299,5227352,56.21,4,1053,0.01
2021-07-18,2007,5745653,61.79,9679,5237031,56.32,233,1286,0.01
2021-07-19,3100,5748753,61.82,11146,5248177,56.44,438,1724,0.02
2021-07-20,2539,5751292,61.85,11732,5259909,56.56,353,2077,0.02
2021-07-21,2260,5753552,61.87,11664,5271573,56.69,313,2390,0.03
2021-07-22,2788,5756340,61.9,13063,5284636,56.83,376,2766,0.03
2021-07-23,1914,5758254,61.92,8040,5292676,56.91,87,2853,0.03
2021-07-24,572,5758826,61.93,1388,5294064,56.93,5,2858,0.03
2021-07-25,4342,5763168,61.97,15374,5309438,57.1,195,3053,0.03
2021-07-26,5040,5768208,62.03,13331,5322769,57.24,302,3355,0.04
2021-07-27,5367,5773575,62.09,13378,5336147,57.38,388,3743,0.04
2021-07-28,3838,5777413,62.13,12154,5348301,57.51,446,4189,0.04
2021-07-29,4562,5781975,62.18,13953,5362254,57.66,504,4693,0.05
2021-07-30,2514,5784489,62.2,10649,5372903,57.78,4079,8772,0.09
2021-07-31,1358,5785847,62.22,3442,5376345,57.81,6115,14887,0.16
2021-08-01,3022,5788869,62.25,3271,5379616,57.85,30872,45759,0.49
2021-08-02,3035,5791904,62.28,3018,5382634,57.88,58338,104097,1.12
2021-08-03,3303,5795207,62.32,3154,5385788,57.92,78764,182861,1.97
2021-08-04,3473,5798680,62.36,3072,5388860,57.95,80535,263396,2.83
2021-08-05,4420,5803100,62.4,3432,5392292,57.99,88140,351536,3.78
2021-08-06,2360,5805460,62.43,1693,5393985,58,44602,396138,4.26
2021-08-07,974,5806434,62.44,602,5394587,58.01,27263,423401,4.55
2021-08-08,4989,5811423,62.49,2998,5397585,58.04,79789,503190,5.41
2021-08-09,5291,5816714,62.55,2896,5400481,58.07,76188,579378,6.23
2021-08-10,5494,5822208,62.61,3038,5403519,58.11,75015,654393,7.04
2021-08-11,5602,5827810,62.67,2782,5406301,58.14,62316,716709,7.71
2021-08-12,7002,5834812,62.74,3164,5409465,58.17,59053,775762,8.34
2021-08-13,3028,5837840,62.78,1764,5411229,58.19,37454,813216,8.74
