date,tests,tests_result,tests_positive,tests_cumulative,new_hospitalized,Counthospitalized,Counthospitalized_without_release,CountHardStatus,CountMediumStatus,CountEasyStatus,CountBreath,CountDeath,total_beds,StandardOccupancy,num_visits,patients_home,patients_hotel,recovered
12-Feb-2020,35,35,0,287,,,,,,,,,,,,,,0
13-Feb-2020,35,35,0,322,,,,,,,,,,,,,,0
14-Feb-2020,30,30,0,352,,,,,,,,,,,,,,0
15-Feb-2020,3,3,0,355,,,,,,,,,,,,,,0
16-Feb-2020,23,23,0,378,,,,,,,,,,,,,,0
17-Feb-2020,41,41,0,419,,,,,,,,,,,,,,0
18-Feb-2020,46,46,0,465,,,,,,,,,,,,,,0
19-Feb-2020,34,34,0,499,,,,,,,,,,,,,,0
20-Feb-2020,29,29,0,528,,,,,,,,,,,,,,0
21-Feb-2020,37,37,1,565,,,,,,,,,,,,,,0
22-Feb-2020,13,13,0,578,,,,,,,,,,,,,,0
23-Feb-2020,56,56,0,634,,,,,,,,,,,,,,0
24-Feb-2020,76,74,1,710,,,,,,,,,,,,,,0
25-Feb-2020,108,108,0,818,,,,,,,,,,,,,,0
26-Feb-2020,108,108,0,926,,,,,,,,,,,,,,0
27-Feb-2020,171,171,1,1097,,,,,,,,,,,,,,0
28-Feb-2020,119,118,3,1216,,,,,,,,,,,,,,0
29-Feb-2020,159,159,0,1375,,,,,,,,,,,,,,0
01-Mar-2020,188,179,1,1563,,,,,,,,,,,,,,0
02-Mar-2020,171,170,5,1734,1,11,11,0,0,11,0,0,1246,0.00882825040128411,5632,-148,0,0
03-Mar-2020,235,227,3,1969,0,10,10,0,0,10,0,0,1246,0.00802568218298555,7857,-145,0,1
04-Mar-2020,129,128,0,2098,0,12,11,0,0,12,0,0,1246,0.00963081861958266,7012,-147,0,1
05-Mar-2020,174,165,2,2272,1,13,13,1,0,12,0,0,1246,0.0104333868378812,7012,-147,0,0
06-Mar-2020,275,274,4,2547,1,16,16,2,0,14,1,0,1246,0.0128410914927769,5177,-146,0,0
07-Mar-2020,336,324,4,2883,1,20,20,3,0,17,2,0,1246,0.0160513643659711,4861,-146,0,0
08-Mar-2020,421,417,9,3304,2,26,26,5,0,21,4,0,1246,0.0208667736757624,7330,-143,0,0
09-Mar-2020,518,515,4,3822,7,39,39,6,0,33,5,0,1246,0.0313001605136437,6205,-152,0,0
10-Mar-2020,520,495,33,4342,2,59,59,6,0,53,5,0,1246,0.0473515248796148,6021,-139,0,0
11-Mar-2020,402,377,20,4744,10,81,81,7,1,73,6,0,1246,0.065008025682183,5981,-141,0,0
12-Mar-2020,608,595,21,5352,6,103,101,7,1,95,6,0,1246,0.0826645264847512,5983,-140,0,0
13-Mar-2020,697,692,36,6049,10,123,122,7,4,112,6,0,1246,0.0987158908507223,4121,-126,0,1
14-Mar-2020,614,611,29,6663,20,162,161,6,4,152,4,0,1246,0.130016051364366,3692,-136,0,0
15-Mar-2020,1184,1126,38,7847,37,202,200,9,6,187,6,0,1246,0.162118780096308,5490,-137,0,0
16-Mar-2020,1345,1321,73,9192,27,221,215,11,5,205,7,0,1246,0.177367576243981,4759,-79,0,0
17-Mar-2020,1647,1566,94,10839,46,256,256,12,6,238,7,0,1246,0.20545746388443,4338,-31,0,5
18-Mar-2020,2108,1992,118,12947,54,306,269,16,11,279,7,0,1246,0.245585874799358,3920,69,0,5
19-Mar-2020,2074,1981,135,15021,31,295,264,21,11,263,12,0,1246,0.236757624398074,4053,199,0,10
20-Mar-2020,2321,2235,168,17342,30,289,251,23,14,252,12,1,1246,0.231942215088282,3207,376,0,3
21-Mar-2020,2108,2066,210,19450,35,277,274,27,21,229,15,0,1246,0.2223113964687,2905,559,0,4
22-Mar-2020,3350,3219,254,22800,54,324,305,37,32,255,22,0,1246,0.260032102728732,4523,775,0,7
23-Mar-2020,3625,3499,352,26425,58,352,323,42,36,274,24,0,1246,0.282504012841092,4053,1095,0,14
24-Mar-2020,4789,4640,423,31214,82,395,343,45,48,302,26,3,1246,0.317014446227929,3963,1488,0,7
25-Mar-2020,5936,5787,425,37150,81,413,397,49,53,311,28,1,1246,0.331460674157303,3666,1846,0,12
26-Mar-2020,6504,6283,520,43654,83,464,413,54,65,345,31,5,1246,0.37239165329053,3925,2328,0,17
27-Mar-2020,5752,5586,434,49406,110,515,468,65,69,381,37,2,1246,0.413322632423756,3267,2696,0,9
28-Mar-2020,5739,5535,480,55145,53,513,485,69,82,362,41,1,1246,0.411717495987159,2834,3135,0,23
29-Mar-2020,7575,7237,532,62720,70,543,515,78,88,377,50,3,1246,0.435794542536116,4289,3600,0,34
30-Mar-2020,7100,6821,546,69820,121,619,570,88,104,427,55,1,1246,0.496789727126806,3886,4059,0,31
31-Mar-2020,7989,7531,738,77809,111,668,628,97,115,456,64,4,1246,0.536115569823435,4005,4674,0,61
01-Apr-2020,9010,8579,697,86819,147,769,728,111,143,515,72,7,1246,0.617174959871589,4088,4523,689,52
02-Apr-2020,10225,9470,719,97044,115,813,727,113,145,555,79,10,1246,0.652487961476725,4284,5109,720,93
03-Apr-2020,10329,9780,597,107373,97,804,719,130,159,515,93,5,1246,0.645264847512038,3494,5619,717,93
04-Apr-2020,6355,5988,427,113728,73,791,752,139,171,481,107,7,1246,0.634831460674157,3155,5948,718,57
05-Apr-2020,9395,8778,583,123123,100,827,743,135,194,498,106,6,1246,0.663723916532905,4495,6455,693,104
06-Apr-2020,7500,6770,451,130623,93,814,703,147,209,458,110,7,1246,0.653290529695024,4088,6733,796,103
07-Apr-2020,6971,6177,378,137594,72,748,656,159,201,388,106,7,1246,0.600321027287319,4313,6998,819,130
08-Apr-2020,5878,4947,338,143472,57,695,622,166,193,336,115,9,1246,0.557784911717496,3511,7173,859,148
09-Apr-2020,5746,5001,343,149218,65,665,634,166,187,312,117,8,1246,0.533707865168539,3363,7301,944,110
10-Apr-2020,7346,6326,359,156564,56,670,598,170,170,330,128,8,1246,0.537720706260032,4086,7426,1002,204
11-Apr-2020,6702,5763,345,163266,39,627,595,182,162,283,130,6,1246,0.503210272873194,3172,7541,1061,168
12-Apr-2020,10600,8525,554,173866,90,667,620,177,174,316,130,7,1246,0.535313001605136,4965,7704,1074,346
13-Apr-2020,10949,9187,438,184815,91,691,629,192,169,330,137,7,1246,0.554574638844302,4653,7708,1181,311
14-Apr-2020,12678,10965,399,197493,75,676,631,178,170,328,134,8,1246,0.542536115569823,4376,7672,1229,377
15-Apr-2020,9451,7799,311,206944,69,673,655,180,174,319,133,13,1246,0.540128410914928,3492,7636,1238,301
16-Apr-2020,12789,11209,296,219733,51,703,643,182,162,359,136,7,1246,0.564205457463884,5388,7457,1366,352
17-Apr-2020,11596,9973,298,231329,48,666,613,166,163,337,125,9,1246,0.534510433386838,4188,7424,1348,370
18-Apr-2020,10607,8961,291,241936,42,644,619,174,141,329,118,11,1246,0.51685393258427,3825,7007,1661,378
19-Apr-2020,11480,9998,277,253416,40,621,571,157,147,317,118,8,1246,0.498394863563403,5788,6977,1707,301
20-Apr-2020,15367,13295,299,268783,49,612,560,154,135,323,123,6,1246,0.491171749598716,5097,6733,1723,532
21-Apr-2020,13613,11636,283,282396,27,546,510,145,147,254,119,9,1246,0.438202247191011,4921,6598,1738,444
22-Apr-2020,13293,11773,226,295689,36,533,498,149,124,260,110,3,1246,0.42776886035313,4822,6470,1739,362
23-Apr-2020,14183,12259,276,309872,32,502,454,146,107,249,114,4,1246,0.402889245585875,5353,6536,1605,384
24-Apr-2020,12626,10477,248,322498,26,462,440,144,109,209,108,3,1246,0.370786516853933,4411,6142,1751,507
25-Apr-2020,9078,7358,159,331576,8,442,429,136,105,201,107,3,1246,0.354735152487962,3643,5865,1762,433
26-Apr-2020,8463,7342,83,340039,33,441,415,142,92,207,111,2,1246,0.353932584269663,5757,5751,1737,234
27-Apr-2020,11405,9293,127,351444,21,415,382,133,88,194,102,4,1246,0.333065810593901,5298,5303,1775,566
28-Apr-2020,10641,8817,160,362085,28,391,367,128,85,178,101,5,1246,0.313804173354735,4854,5021,1726,501
29-Apr-2020,8997,7394,82,371082,23,377,362,121,87,169,96,6,1246,0.302568218298555,4207,4677,1726,425
30-Apr-2020,9930,8593,142,381012,19,378,346,113,88,177,90,6,1246,0.303370786516854,5673,4431,1721,403
01-May-2020,11052,9221,117,392064,20,353,333,111,85,157,89,4,1246,0.28330658105939,4551,3885,1746,647
02-May-2020,5568,4761,57,397632,13,335,328,112,67,156,90,3,1246,0.268860353130016,3973,3813,1610,267
03-May-2020,8029,7400,27,405661,14,324,300,102,72,150,84,3,1246,0.260032102728732,5982,3734,1591,150
04-May-2020,9257,7954,53,414918,19,320,289,98,74,148,78,3,1246,0.256821829855538,5531,3479,1545,362
05-May-2020,8957,7687,32,423875,9,278,264,92,66,120,72,2,1246,0.223113964686998,5408,3236,1488,355
06-May-2020,9467,8546,65,433342,15,270,251,89,63,118,70,1,1246,0.21669341894061,5362,3151,1439,211
07-May-2020,10119,9130,61,443461,13,258,247,85,62,111,71,1,1246,0.207062600321027,5634,2966,1423,265
08-May-2020,8156,7186,33,451617,13,240,237,78,54,108,64,6,1246,0.192616372391653,4819,2759,1365,302
09-May-2020,3868,3508,19,455485,10,240,238,78,50,112,64,2,1246,0.192616372391653,3270,2827,1204,109
10-May-2020,4944,4410,29,460429,14,244,226,74,52,118,66,5,1246,0.195826645264847,6334,2741,1202,124
11-May-2020,9217,7827,39,469646,9,227,211,69,55,103,60,5,1246,0.182182985553772,5506,2336,1208,448
12-May-2020,7536,6679,23,477182,10,221,204,65,54,102,56,3,1246,0.177367576243981,5597,2310,1054,207
13-May-2020,8271,7524,37,485453,10,199,196,61,49,89,53,3,1246,0.159711075441412,5581,2254,968,184
14-May-2020,8416,7679,24,493869,6,190,183,61,44,85,52,2,1246,0.152487961476725,5986,2089,917,251
15-May-2020,5695,5072,12,499564,2,183,179,61,44,78,52,0,1246,0.146869983948636,5174,1973,814,235
16-May-2020,1502,1343,5,501066,4,179,179,60,41,78,51,3,1246,0.143659711075441,4525,1942,780,67
17-May-2020,4633,4219,15,505699,9,187,174,55,40,92,45,4,1246,0.15008025682183,6784,1843,756,139
18-May-2020,7692,6797,27,513391,3,172,161,52,43,77,43,3,1246,0.138041733547351,6222,1615,725,296
19-May-2020,7141,6501,22,520532,7,160,153,51,44,65,40,2,1246,0.128410914927769,6324,1568,603,197
20-May-2020,5968,5620,15,526500,4,154,141,46,40,68,41,1,1246,0.123595505617977,6272,1501,570,126
21-May-2020,6164,5601,17,532664,8,150,140,47,32,71,37,0,1246,0.120385232744783,6559,1363,514,212
22-May-2020,4996,4617,20,537660,5,146,142,47,33,66,37,0,1246,0.117174959871589,5410,1270,455,170
23-May-2020,718,670,5,538378,3,149,149,47,35,67,37,0,1246,0.119582664526485,4774,1286,400,37
24-May-2020,3807,3439,13,542185,0,147,132,43,39,65,34,1,1246,0.117977528089888,7117,1207,390,118
25-May-2020,5334,4850,22,547519,8,131,123,41,32,58,29,2,1246,0.105136436597111,6531,1095,345,186
26-May-2020,6818,6512,50,554337,4,122,117,36,37,49,32,0,1246,0.0979133226324237,6476,1118,283,95
27-May-2020,6728,6442,40,561065,4,120,113,39,38,43,36,2,1246,0.0963081861958267,6563,1063,276,104
28-May-2020,5352,5030,77,566417,7,112,106,36,36,40,34,1,1246,0.0898876404494382,5574,998,273,151
29-May-2020,1863,1803,113,568280,5,116,116,39,36,41,37,0,1246,0.0930979133226324,4730,1091,241,42
30-May-2020,1058,1040,28,569338,5,120,119,35,43,42,33,0,1246,0.0963081861958267,4953,1081,241,35
31-May-2020,5640,5500,88,574978,5,123,115,35,47,41,31,0,1246,0.0987158908507223,7351,1108,245,61
01-Jun-2020,8155,7908,100,583133,12,124,107,34,45,45,30,3,1246,0.0995184590690209,6487,1121,224,113
02-Jun-2020,11758,11578,121,594891,12,120,113,29,45,46,29,2,1246,0.0963081861958267,6491,1206,202,50
03-Jun-2020,13210,13043,96,608101,8,115,111,28,42,45,25,1,1246,0.0922953451043339,6486,1240,225,40
04-Jun-2020,14897,14726,142,622998,11,123,111,30,37,56,23,0,1246,0.0987158908507223,6894,1313,227,67
05-Jun-2020,16472,16349,124,639470,8,117,107,29,41,47,23,1,1246,0.093900481540931,5707,1401,228,38
06-Jun-2020,11537,11442,78,651007,9,112,110,29,42,41,21,4,1246,0.0898876404494382,5138,1420,239,41
07-Jun-2020,15097,14890,140,666104,13,121,116,29,42,50,23,2,1246,0.0971107544141252,7776,1488,247,56
08-Jun-2020,14644,14488,179,680748,17,131,119,30,46,55,23,0,1246,0.105136436597111,6604,1606,262,43
09-Jun-2020,15058,14861,172,695806,10,131,118,31,44,56,24,1,1246,0.105136436597111,6808,1734,259,47
10-Jun-2020,18465,18148,238,714271,24,134,116,32,44,58,24,1,1246,0.107544141252006,6897,1873,283,76
11-Jun-2020,15807,15564,191,730078,13,139,128,35,41,63,24,0,1246,0.111556982343499,6901,1933,321,81
12-Jun-2020,13132,12879,183,743210,13,139,128,34,45,60,25,0,1246,0.111556982343499,5731,2029,338,70
13-Jun-2020,6983,6843,149,750193,10,139,136,35,49,55,26,1,1246,0.111556982343499,5105,2097,359,51
14-Jun-2020,8838,8633,136,759031,15,147,137,32,50,65,23,2,1246,0.117977528089888,7667,2188,360,41
15-Jun-2020,14372,14045,198,773403,23,158,136,36,48,74,25,0,1246,0.126805778491172,6805,2282,393,72
16-Jun-2020,16234,15919,297,789637,22,162,143,38,45,79,26,1,1246,0.130016051364366,6786,2525,401,38
17-Jun-2020,16019,15634,270,805656,22,159,150,36,48,75,29,0,1246,0.12760834670947,6302,2707,428,54
18-Jun-2020,17389,16937,302,823045,40,185,160,39,43,103,28,0,1246,0.148475120385233,6504,2882,471,74
19-Jun-2020,12783,12445,308,835828,30,188,179,39,47,102,29,1,1246,0.150882825040128,5471,3082,491,68
20-Jun-2020,6008,5776,157,841836,34,211,208,40,50,121,28,1,1246,0.169341894060995,4805,3134,508,58
21-Jun-2020,9150,8907,172,850986,38,246,212,45,59,142,29,0,1246,0.197431781701445,7404,3247,520,43
22-Jun-2020,14006,13459,345,864992,23,229,195,43,55,131,29,1,1246,0.183788121990369,6573,3502,537,89
23-Jun-2020,19843,19159,447,884835,19,216,190,40,51,125,26,1,1246,0.173354735152488,6230,3814,561,115
24-Jun-2020,18391,17868,485,903226,32,216,190,45,43,128,27,0,1246,0.173354735152488,6283,4202,606,52
25-Jun-2020,18661,17975,513,921887,25,209,186,44,54,111,28,4,1246,0.167736757624398,6386,4570,633,118
26-Jun-2020,16524,16114,464,938411,47,234,214,45,56,133,26,3,1246,0.187800963081862,5287,4843,673,120
27-Jun-2020,10488,10051,401,948899,28,236,218,40,55,141,22,3,1246,0.189406099518459,4653,5132,691,87
28-Jun-2020,10389,9890,381,959288,46,255,213,39,66,150,22,1,1246,0.204654895666132,6883,5432,689,87
29-Jun-2020,21015,20257,752,980303,46,266,233,44,65,157,24,0,1246,0.213483146067416,6199,5959,713,181
30-Jun-2020,20836,20145,780,1001139,53,289,252,56,67,166,24,1,1246,0.231942215088282,5962,6565,751,116
01-Jul-2020,21460,20830,967,1022599,82,324,275,59,72,193,24,3,1246,0.260032102728732,5745,7390,771,96
02-Jul-2020,25039,24263,1144,1047638,65,333,297,72,71,190,28,1,1246,0.267255216693419,6048,8366,793,123
03-Jul-2020,20950,20464,945,1068588,57,350,309,83,74,193,29,2,1246,0.280898876404494,5183,9094,879,117
04-Jul-2020,17306,16699,821,1085894,61,361,338,85,82,194,33,4,1246,0.289727126805779,3438,9665,962,134
05-Jul-2020,21093,20260,839,1106987,81,417,367,94,81,242,32,1,1246,0.334670947030498,6802,10343,952,141
06-Jul-2020,25592,24743,1136,1132579,81,437,361,91,95,251,34,6,1246,0.350722311396469,6003,11260,1022,149
07-Jul-2020,28591,27658,1386,1161170,107,463,406,93,95,275,35,5,1246,0.371589085072231,5793,12267,1202,149
08-Jul-2020,29385,28561,1321,1190555,90,486,427,112,87,287,38,5,1246,0.390048154093098,5819,13295,1357,112
09-Jul-2020,30043,28957,1521,1220598,119,542,473,127,98,317,41,3,1246,0.434991974317817,5961,14310,1643,171
10-Jul-2020,25841,24783,1410,1246439,88,556,473,132,104,320,41,4,1246,0.446227929373997,5076,15361,1806,192
11-Jul-2020,20446,19224,1161,1266885,90,561,522,137,119,305,47,4,1246,0.45024077046549,4408,16164,1916,195
12-Jul-2020,21729,20263,1244,1288614,125,638,536,153,124,361,47,6,1246,0.512038523274478,6850,17030,2017,257
13-Jul-2020,29282,27512,1716,1317896,121,648,537,184,120,344,53,3,1246,0.520064205457464,6140,18187,2251,321
14-Jul-2020,31739,29970,1603,1349635,108,634,569,190,139,305,55,5,1246,0.508828250401284,6037,19231,2483,290
15-Jul-2020,30680,27908,1879,1380315,108,670,556,209,120,341,57,5,1246,0.537720706260032,5873,20515,2733,353
16-Jul-2020,31065,28444,1931,1411380,135,684,569,210,131,343,60,9,1246,0.548956661316212,6100,21762,2938,457
17-Jul-2020,25706,23554,1601,1437086,139,694,609,219,147,328,58,10,1246,0.556982343499197,5064,22615,3163,473
18-Jul-2020,20467,18220,1442,1457553,103,698,667,236,148,314,57,7,1246,0.560192616372392,4487,23198,3431,526
19-Jul-2020,19846,17814,1016,1477399,152,813,685,270,143,400,74,7,1246,0.652487961476725,6759,23729,3479,412
20-Jul-2020,27595,24481,1896,1504994,141,812,680,266,146,400,79,9,1246,0.651685393258427,6010,24670,3819,611
21-Jul-2020,30173,26767,2003,1535167,127,796,666,257,141,398,81,9,1246,0.63884430176565,5953,25582,4263,652
22-Jul-2020,28811,25718,2042,1563978,137,787,701,285,137,365,80,5,1246,0.631621187800963,5863,23989,4390,3468
23-Jul-2020,32528,29280,1986,1596506,125,807,707,311,152,344,84,14,1246,0.647672552166934,6115,19214,4185,6946
24-Jul-2020,24393,22690,1832,1620899,106,802,720,328,154,320,86,6,1246,0.643659711075441,5164,20715,2958,1539
25-Jul-2020,15465,14616,1113,1636364,90,801,767,322,175,304,99,7,1246,0.642857142857143,4499,20801,3252,679
26-Jul-2020,12184,11407,1044,1648548,125,877,765,310,196,371,99,11,1246,0.703852327447833,6674,19117,3258,2713
27-Jul-2020,28232,27228,2055,1676780,139,901,775,315,182,404,94,6,1246,0.723113964686998,6128,19324,3198,1892
28-Jul-2020,26651,25782,2128,1703431,125,893,782,322,183,388,95,8,1246,0.71669341894061,5962,19678,3289,1668
29-Jul-2020,26214,25442,1962,1729645,112,876,767,336,172,368,98,7,1246,0.703049759229534,5709,20238,3263,1436
30-Jul-2020,21957,21217,1789,1751602,95,846,738,318,169,359,102,13,1246,0.678972712680578,5459,20191,3349,1766
31-Jul-2020,22892,22135,1354,1774494,118,844,760,316,170,358,94,14,1246,0.677367576243981,5240,20105,3347,1406
01-Aug-2020,7782,7448,628,1782276,108,850,796,338,164,348,94,12,1246,0.682182985553772,4470,20048,3416,568
02-Aug-2020,9995,9527,713,1792271,141,925,811,350,169,406,100,9,1246,0.742375601926164,6623,17979,3597,2577
03-Aug-2020,23583,22665,1803,1815854,107,905,773,331,145,429,95,15,1246,0.726324237560193,5993,18072,3360,1970
04-Aug-2020,26093,25085,1725,1841947,106,867,754,343,164,360,99,9,1246,0.695826645264847,6152,18091,3261,1815
05-Aug-2020,25796,24894,1691,1867743,141,882,766,356,163,363,106,7,1246,0.707865168539326,5764,18267,3184,1573
06-Aug-2020,28799,27867,1677,1896542,110,867,756,359,150,358,99,8,1246,0.695826645264847,5855,17867,3333,1930
07-Aug-2020,25293,24515,1754,1921835,122,871,798,371,159,341,107,7,1246,0.699036918138042,4933,17989,3535,1381
08-Aug-2020,8597,8151,762,1930432,100,886,849,392,179,315,106,12,1246,0.71107544141252,4263,18205,3346,672
09-Aug-2020,12148,11530,920,1942580,150,991,835,392,201,398,115,6,1246,0.795345104333868,6660,16609,3441,2429
10-Aug-2020,24348,23359,1687,1966928,107,928,802,395,187,346,113,14,1246,0.744783306581059,5854,17099,3230,1427
11-Aug-2020,27679,26582,1830,1994607,101,892,774,378,196,318,110,9,1246,0.715890850722311,6118,18218,3206,754
12-Aug-2020,26224,25284,1614,2020831,109,868,748,378,177,313,110,14,1246,0.696629213483146,5619,18526,3343,1181
13-Aug-2020,28903,27827,1642,2049734,146,877,770,378,182,317,113,17,1246,0.703852327447833,5264,18687,3387,1398
14-Aug-2020,20869,20034,1387,2070603,120,877,795,376,183,318,106,10,1246,0.703852327447833,4450,19040,3350,1036
15-Aug-2020,9321,8790,759,2079924,117,907,862,391,185,331,115,8,1246,0.72792937399679,3889,18927,3491,656
16-Aug-2020,12383,11638,1060,2092307,129,977,842,383,204,390,111,13,1246,0.784109149277689,5963,18322,3435,1728
17-Aug-2020,16587,15906,921,2108894,33,841,841,399,176,266,111,4,1246,0.674959871589085,359,19304,3179,192
