date,pos_f,pos_m,neg_f,neg_m,symptoms_pos_f,symptoms_pos_m,symptoms_neg_f,symptoms_neg_m,nosymptoms_pos_f,nosymptoms_pos_m,nosymptoms_neg_f,nosymptoms_neg_m,pos_f_60,pos_m_60,neg_f_60,neg_m_60,symptoms_pos_f_60,symptoms_pos_m_60,symptoms_neg_f_60,symptoms_neg_m_60,nosymptoms_pos_f_60,nosymptoms_pos_m_60,nosymptoms_neg_f_60,nosymptoms_neg_m_60
11-Mar-2020,16,26,158,162,8,18,73,73,8,8,85,89,0,0,0,0,0,0,0,0,0,0,0,0
12-Mar-2020,20,18,297,292,15,13,150,151,5,5,147,141,0,0,0,0,0,0,0,0,0,0,0,0
13-Mar-2020,16,20,359,335,9,14,161,172,7,6,198,163,0,0,0,0,0,0,0,0,0,0,0,0
14-Mar-2020,21,26,348,328,12,19,88,97,9,7,260,231,0,0,0,0,0,0,0,0,0,0,0,0
15-Mar-2020,30,31,478,461,21,24,55,44,9,7,423,417,0,0,0,0,0,0,0,0,0,0,0,0
16-Mar-2020,36,58,683,631,27,33,83,75,9,25,600,556,0,0,0,0,0,0,0,0,0,0,0,0
17-Mar-2020,42,53,743,664,36,39,55,31,6,14,688,633,0,0,0,0,0,0,0,0,0,0,0,0
18-Mar-2020,56,83,978,922,42,64,45,63,14,19,933,859,0,0,0,0,0,0,0,0,0,0,0,0
19-Mar-2020,55,96,1121,974,41,78,79,72,14,18,1042,902,0,0,0,0,0,0,0,0,0,0,0,0
20-Mar-2020,72,100,892,816,58,81,55,45,14,19,837,771,22,29,114,126,16,26,6,4,6,3,108,122
21-Mar-2020,64,144,775,757,49,87,108,102,15,57,667,655,0,0,0,0,0,0,0,0,0,0,0,0
22-Mar-2020,114,154,1792,1486,93,129,440,378,21,25,1352,1108,19,48,267,230,15,38,56,42,4,10,211,188
23-Mar-2020,171,232,1647,1475,126,180,485,360,45,52,1162,1115,39,47,290,266,21,32,65,47,18,15,225,219
24-Mar-2020,136,242,2315,2169,107,193,436,423,29,49,1879,1746,28,46,324,310,19,38,63,51,9,8,261,259
25-Mar-2020,201,289,2586,2400,157,232,570,548,44,57,2016,1852,34,65,383,363,27,53,85,71,7,12,298,292
26-Mar-2020,222,306,3032,2621,177,234,414,433,45,72,2618,2188,36,65,420,370,28,51,58,67,8,14,362,303
27-Mar-2020,205,313,2638,2597,154,228,333,277,51,85,2305,2320,33,57,408,363,23,36,49,25,10,21,359,338
28-Mar-2020,212,231,2606,2650,146,173,321,285,66,58,2285,2365,44,45,407,376,30,36,30,32,14,9,377,344
29-Mar-2020,161,265,2399,2399,110,193,207,221,51,72,2192,2178,27,50,312,356,20,31,24,24,7,19,288,332
30-Mar-2020,244,360,2621,2673,157,258,224,235,87,102,2397,2438,47,65,327,359,30,42,23,15,17,23,304,344
31-Mar-2020,327,413,3293,3411,238,301,168,215,89,112,3125,3196,70,92,462,477,43,59,17,21,27,33,445,456
01-Apr-2020,286,424,4174,4006,202,306,294,361,84,118,3880,3645,72,100,705,618,46,78,28,39,26,22,677,579
02-Apr-2020,280,319,3922,4078,181,224,472,479,99,95,3450,3599,67,61,594,583,38,45,76,62,29,16,518,521
03-Apr-2020,202,296,3494,4182,135,188,218,247,67,108,3276,3935,40,43,442,524,28,26,16,19,12,17,426,505
04-Apr-2020,202,262,2373,2604,105,156,200,205,97,106,2173,2399,37,50,500,386,13,32,27,25,24,18,473,361
05-Apr-2020,240,301,3541,3808,174,205,706,746,66,96,2835,3062,54,41,702,590,36,25,133,94,18,16,569,496
06-Apr-2020,180,219,2547,2655,115,141,772,778,65,78,1775,1877,31,39,460,385,17,28,134,98,14,11,326,287
07-Apr-2020,216,212,2505,2786,127,138,841,925,89,74,1664,1861,34,32,415,471,15,21,108,125,19,11,307,346
08-Apr-2020,104,173,1745,2102,75,121,655,744,29,52,1090,1358,23,28,347,304,12,16,87,63,11,12,260,241
09-Apr-2020,135,160,1906,2409,93,106,894,1127,42,54,1012,1282,24,23,351,327,14,12,87,103,10,11,264,224
10-Apr-2020,151,200,2622,2891,99,142,918,1073,52,58,1704,1818,25,29,763,526,13,17,137,126,12,12,626,400
11-Apr-2020,149,173,2159,2157,92,117,855,868,57,56,1304,1289,35,29,672,471,16,22,160,129,19,7,512,342
12-Apr-2020,150,144,2964,2652,72,87,534,558,78,57,2430,2094,60,38,965,642,15,19,94,73,45,19,871,569
13-Apr-2020,201,214,3999,3640,120,130,864,948,81,84,3135,2692,18,27,1062,802,11,13,93,106,7,14,969,696
14-Apr-2020,160,181,3325,3035,118,110,681,755,42,71,2644,2280,30,25,1150,686,18,17,90,83,12,8,1060,603
15-Apr-2020,143,110,3836,3379,93,72,804,988,50,38,3032,2391,0,0,0,0,0,0,0,0,0,0,0,0
16-Apr-2020,123,124,4914,4288,75,71,710,845,48,53,4204,3443,0,0,0,0,0,0,0,0,0,0,0,0
17-Apr-2020,108,78,3947,3364,71,47,659,802,37,31,3288,2562,0,0,0,0,0,0,0,0,0,0,0,0
18-Apr-2020,111,143,3456,2950,77,75,566,684,34,68,2890,2266,0,0,0,0,0,0,0,0,0,0,0,0
19-Apr-2020,142,150,5374,4777,70,82,805,957,72,68,4569,3820,22,22,1771,1006,8,10,119,93,14,12,1652,913
20-Apr-2020,93,117,5592,4811,52,72,624,716,41,45,4968,4095,0,0,0,0,0,0,0,0,0,0,0,0
21-Apr-2020,115,111,4596,4586,66,66,545,664,49,45,4051,3922,0,0,0,0,0,0,0,0,0,0,0,0
22-Apr-2020,92,110,4423,4620,57,63,673,698,35,47,3750,3922,0,0,0,0,0,0,0,0,0,0,0,0
23-Apr-2020,140,111,4652,4655,76,52,603,707,64,59,4049,3948,0,0,0,0,0,0,0,0,0,0,0,0
24-Apr-2020,72,93,3739,3404,32,40,445,503,40,53,3294,2901,0,0,0,0,0,0,0,0,0,0,0,0
25-Apr-2020,21,35,2635,2108,12,18,265,291,9,17,2370,1817,0,0,0,0,0,0,0,0,0,0,0,0
26-Apr-2020,48,58,3463,3757,18,24,373,373,30,34,3090,3384,0,0,0,0,0,0,0,0,0,0,0,0
27-Apr-2020,46,76,3327,3461,27,35,297,396,19,41,3030,3065,0,0,0,0,0,0,0,0,0,0,0,0
28-Apr-2020,41,36,2984,2948,23,15,330,347,18,21,2654,2601,0,0,0,0,0,0,0,0,0,0,0,0
29-Apr-2020,36,54,2386,2115,18,26,278,318,18,28,2108,1797,0,0,0,0,0,0,0,0,0,0,0,0
30-Apr-2020,43,50,3283,3228,23,24,237,215,20,26,3046,3013,0,0,0,0,0,0,0,0,0,0,0,0
01-May-2020,43,22,2986,2724,20,8,149,174,23,14,2837,2550,0,0,0,0,0,0,0,0,0,0,0,0
02-May-2020,0,0,0,0,0,0,0,0,0,0,0,0,0,0,0,0,0,0,0,0,0,0,0,0
03-May-2020,16,24,3396,2442,7,9,71,84,9,15,3325,2358,0,0,0,0,0,0,0,0,0,0,0,0
04-May-2020,0,0,0,0,0,0,0,0,0,0,0,0,0,0,0,0,0,0,0,0,0,0,0,0
05-May-2020,21,17,3422,2875,7,9,161,140,14,8,3261,2735,0,0,0,0,0,0,0,0,0,0,0,0
06-May-2020,22,24,3621,2677,8,11,85,86,14,13,3536,2591,0,0,0,0,0,0,0,0,0,0,0,0
07-May-2020,18,17,3756,3482,12,7,106,98,6,10,3650,3384,0,0,0,0,0,0,0,0,0,0,0,0
08-May-2020,0,0,0,0,0,0,0,0,0,0,0,0,0,0,0,0,0,0,0,0,0,0,0,0
09-May-2020,0,0,0,0,0,0,0,0,0,0,0,0,0,0,0,0,0,0,0,0,0,0,0,0
10-May-2020,0,0,0,0,0,0,0,0,0,0,0,0,0,0,0,0,0,0,0,0,0,0,0,0
11-May-2020,0,0,0,0,0,0,0,0,0,0,0,0,0,0,0,0,0,0,0,0,0,0,0,0
12-May-2020,0,0,0,0,0,0,0,0,0,0,0,0,0,0,0,0,0,0,0,0,0,0,0,0
13-May-2020,0,0,0,0,0,0,0,0,0,0,0,0,0,0,0,0,0,0,0,0,0,0,0,0
14-May-2020,0,0,0,0,0,0,0,0,0,0,0,0,0,0,0,0,0,0,0,0,0,0,0,0
15-May-2020,0,0,0,0,0,0,0,0,0,0,0,0,0,0,0,0,0,0,0,0,0,0,0,0
16-May-2020,0,0,0,0,0,0,0,0,0,0,0,0,0,0,0,0,0,0,0,0,0,0,0,0
17-May-2020,0,0,0,0,0,0,0,0,0,0,0,0,0,0,0,0,0,0,0,0,0,0,0,0
18-May-2020,0,0,0,0,0,0,0,0,0,0,0,0,0,0,0,0,0,0,0,0,0,0,0,0
19-May-2020,0,0,0,0,0,0,0,0,0,0,0,0,0,0,0,0,0,0,0,0,0,0,0,0
20-May-2020,0,0,0,0,0,0,0,0,0,0,0,0,0,0,0,0,0,0,0,0,0,0,0,0
21-May-2020,0,0,0,0,0,0,0,0,0,0,0,0,0,0,0,0,0,0,0,0,0,0,0,0
22-May-2020,0,0,0,0,0,0,0,0,0,0,0,0,0,0,0,0,0,0,0,0,0,0,0,0
23-May-2020,0,0,0,0,0,0,0,0,0,0,0,0,0,0,0,0,0,0,0,0,0,0,0,0
24-May-2020,0,0,0,0,0,0,0,0,0,0,0,0,0,0,0,0,0,0,0,0,0,0,0,0
25-May-2020,0,0,0,0,0,0,0,0,0,0,0,0,0,0,0,0,0,0,0,0,0,0,0,0
26-May-2020,18,17,2203,1591,7,6,35,46,11,11,2168,1545,0,0,0,0,0,0,0,0,0,0,0,0
27-May-2020,17,15,2693,1639,9,6,46,35,8,9,2647,1604,0,0,0,0,0,0,0,0,0,0,0,0
28-May-2020,35,52,1723,1318,14,19,35,24,21,33,1688,1294,0,0,0,0,0,0,0,0,0,0,0,0
29-May-2020,38,39,583,503,11,12,14,8,27,27,569,495,0,0,0,0,0,0,0,0,0,0,0,0
30-May-2020,20,28,763,791,8,16,12,10,12,12,751,781,0,0,0,0,0,0,0,0,0,0,0,0
31-May-2020,35,31,2922,2284,16,13,54,42,19,18,2868,2242,0,0,0,0,0,0,0,0,0,0,0,0
01-Jun-2020,61,50,4794,4144,28,24,87,85,33,26,4707,4059,0,0,0,0,0,0,0,0,0,0,0,0
02-Jun-2020,49,45,6721,4988,23,18,143,100,26,27,6578,4888,0,0,0,0,0,0,0,0,0,0,0,0
03-Jun-2020,55,68,6712,5406,23,22,132,134,32,46,6580,5272,0,0,0,0,0,0,0,0,0,0,0,0
04-Jun-2020,76,68,7665,5661,34,22,178,136,42,46,7487,5525,0,0,0,0,0,0,0,0,0,0,0,0
05-Jun-2020,36,42,4990,3978,16,19,102,107,20,23,4888,3871,0,0,0,0,0,0,0,0,0,0,0,0
06-Jun-2020,30,30,3378,2785,10,12,71,53,20,18,3307,2732,0,0,0,0,0,0,0,0,0,0,0,0
07-Jun-2020,65,80,5702,4463,37,28,164,107,28,52,5538,4356,0,0,0,0,0,0,0,0,0,0,0,0
08-Jun-2020,49,66,6271,4994,24,28,140,103,25,38,6131,4891,0,0,0,0,0,0,0,0,0,0,0,0
09-Jun-2020,98,129,7527,5713,38,51,181,138,60,78,7346,5575,0,0,0,0,0,0,0,0,0,0,0,0
10-Jun-2020,98,105,7146,5527,45,46,176,132,53,59,6970,5395,0,0,0,0,0,0,0,0,0,0,0,0
11-Jun-2020,88,90,6477,5314,45,42,164,124,43,48,6313,5190,0,0,0,0,0,0,0,0,0,0,0,0
12-Jun-2020,37,59,3280,2606,15,31,94,57,22,28,3186,2549,0,0,0,0,0,0,0,0,0,0,0,0
13-Jun-2020,38,20,1179,974,13,8,22,24,25,12,1157,950,0,0,0,0,0,0,0,0,0,0,0,0
14-Jun-2020,72,87,5125,4004,36,48,121,97,36,39,5004,3907,0,0,0,0,0,0,0,0,0,0,0,0
15-Jun-2020,132,129,6503,5357,68,57,167,126,64,72,6336,5231,0,0,0,0,0,0,0,0,0,0,0,0
16-Jun-2020,85,123,6008,4957,42,55,129,122,43,68,5879,4835,0,0,0,0,0,0,0,0,0,0,0,0
17-Jun-2020,133,128,5912,4602,68,66,141,109,65,62,5771,4493,0,0,0,0,0,0,0,0,0,0,0,0
18-Jun-2020,127,141,5539,4585,65,69,114,112,62,72,5425,4473,20,19,858,510,10,13,15,10,10,6,843,500
19-Jun-2020,105,118,3666,3096,47,49,83,85,58,69,3583,3011,24,18,414,333,11,9,8,4,13,9,406,329
20-Jun-2020,32,24,1254,1005,14,10,20,13,18,14,1234,992,0,0,0,0,0,0,0,0,0,0,0,0
21-Jun-2020,131,142,5274,4362,72,66,133,119,59,76,5141,4243,18,20,566,508,13,9,12,8,5,11,554,500
22-Jun-2020,159,188,6085,5304,75,100,148,132,84,88,5937,5172,18,22,716,614,11,13,7,16,7,9,709,598
23-Jun-2020,181,213,7018,6470,92,97,161,158,89,116,6857,6312,18,19,923,701,8,12,18,13,10,7,905,688
24-Jun-2020,180,248,6374,5936,85,124,158,182,95,124,6216,5754,0,0,0,0,0,0,0,0,0,0,0,0
25-Jun-2020,218,285,7060,6366,105,106,194,203,113,179,6866,6163,30,28,882,678,8,13,12,16,22,15,870,662
26-Jun-2020,155,171,4319,3930,82,82,132,129,73,89,4187,3801,0,0,0,0,0,0,0,0,0,0,0,0
27-Jun-2020,72,71,1731,1569,36,27,50,39,36,44,1681,1530,0,0,0,0,0,0,0,0,0,0,0,0
28-Jun-2020,246,315,6207,5810,123,164,153,159,123,151,6054,5651,29,30,652,566,16,18,11,12,13,12,641,554
29-Jun-2020,362,425,7884,7176,174,199,183,194,188,226,7701,6982,26,41,849,757,16,21,14,12,10,20,835,745
30-Jun-2020,379,523,7792,7552,184,219,191,242,195,304,7601,7310,43,51,933,835,22,26,13,22,21,25,920,813
01-Jul-2020,405,501,7794,7414,193,219,227,254,212,282,7567,7160,38,33,1168,947,18,12,28,15,20,21,1140,932
02-Jul-2020,463,527,9194,8486,233,232,229,228,230,295,8965,8258,43,50,970,870,24,25,12,17,19,25,958,853
03-Jul-2020,311,366,6203,5524,153,178,173,216,158,188,6030,5308,28,31,688,584,12,19,16,9,16,12,672,575
04-Jul-2020,199,196,3417,3173,99,88,70,80,100,108,3347,3093,0,0,0,0,0,0,0,0,0,0,0,0
05-Jul-2020,449,496,8298,7440,204,224,221,205,245,272,8077,7235,43,44,841,777,21,24,16,16,22,20,825,761
06-Jul-2020,582,632,11169,10218,286,297,264,267,296,335,10905,9951,48,52,1220,964,33,32,23,20,15,20,1197,944
07-Jul-2020,597,614,10398,9521,286,300,252,243,311,314,10146,9278,55,55,944,833,31,30,17,20,24,25,927,813
08-Jul-2020,687,751,10734,9401,306,315,220,246,381,436,10514,9155,63,68,1127,939,30,41,19,16,33,27,1108,923
09-Jul-2020,653,691,10251,8914,301,286,215,220,352,405,10036,8694,64,54,1001,862,33,30,15,14,31,24,986,848
10-Jul-2020,457,509,7288,6447,210,218,186,178,247,291,7102,6269,44,43,821,678,21,20,14,14,23,23,807,664
11-Jul-2020,260,276,4060,3641,134,141,86,88,126,135,3974,3553,27,26,345,348,16,20,7,8,11,6,338,340
12-Jul-2020,602,688,8100,7226,294,298,188,166,308,390,7912,7060,68,71,936,737,41,35,10,13,27,36,926,724
13-Jul-2020,646,734,7993,7241,332,349,214,189,314,385,7779,7052,61,77,939,696,36,39,11,9,25,38,928,687
14-Jul-2020,710,715,8865,7717,357,342,201,173,353,373,8664,7544,59,65,1117,772,34,33,12,12,25,32,1105,760
15-Jul-2020,729,706,8099,7283,371,338,190,190,358,368,7909,7093,67,62,1000,811,39,33,12,14,28,29,988,797
16-Jul-2020,862,893,8387,7494,449,437,184,188,413,456,8203,7306,92,91,887,770,44,44,8,11,48,47,879,759
17-Jul-2020,537,560,5307,4609,270,284,125,97,267,276,5182,4512,59,55,631,512,35,30,9,6,24,25,622,506
18-Jul-2020,193,215,2099,1907,93,113,49,45,100,102,2050,1862,19,31,301,291,10,18,10,6,9,13,291,285
19-Jul-2020,700,746,6662,5873,362,371,138,129,338,375,6524,5744,59,74,735,677,33,38,10,8,26,36,725,669
20-Jul-2020,861,931,8394,7111,422,462,192,176,439,469,8202,6935,72,80,1336,847,37,43,13,11,35,37,1323,836
21-Jul-2020,871,855,7624,6608,461,423,149,159,410,432,7475,6449,106,75,1295,869,72,44,16,12,34,31,1279,857
22-Jul-2020,754,741,7690,6395,411,351,184,174,343,390,7506,6221,81,63,1061,707,44,29,13,9,37,34,1048,698
23-Jul-2020,936,835,7483,6805,448,384,173,172,488,451,7310,6633,94,81,1132,785,43,39,8,11,51,42,1124,774
24-Jul-2020,439,423,4012,3387,214,230,100,79,225,193,3912,3308,51,45,607,443,31,29,8,6,20,16,599,437
25-Jul-2020,132,141,1248,1069,79,75,30,20,53,66,1218,1049,16,23,194,182,11,15,5,4,5,8,189,178
26-Jul-2020,724,723,6307,5580,419,392,155,127,305,331,6152,5453,69,93,687,639,44,51,9,7,25,42,678,632
27-Jul-2020,887,922,6912,6060,486,454,157,165,401,468,6755,5895,82,85,795,632,56,39,13,8,26,46,782,624
28-Jul-2020,747,739,5772,5067,401,399,158,123,346,340,5614,4944,81,74,662,583,47,47,9,10,34,27,653,573
29-Jul-2020,655,694,5648,5042,329,340,146,128,326,354,5502,4914,68,74,770,612,35,31,9,12,33,43,761,600
30-Jul-2020,576,569,5251,4427,327,276,131,100,249,293,5120,4327,52,45,954,664,33,28,14,7,19,17,940,657
31-Jul-2020,336,416,2751,2481,184,239,76,76,152,177,2675,2405,48,47,352,321,29,23,6,6,19,24,346,315
01-Aug-2020,144,155,1355,1180,74,80,28,17,70,75,1327,1163,28,25,202,194,14,14,8,1,14,11,194,193
02-Aug-2020,516,605,4727,4243,289,323,101,105,227,282,4626,4138,60,75,803,652,38,46,7,7,22,29,796,645
03-Aug-2020,589,687,5192,4627,348,384,98,121,241,303,5094,4506,73,71,747,653,44,43,11,9,29,28,736,644
04-Aug-2020,692,711,5235,4815,376,366,121,127,316,345,5114,4688,86,97,732,597,48,48,9,5,38,49,723,592
05-Aug-2020,625,634,4681,4360,339,319,101,97,286,315,4580,4263,64,67,594,491,38,33,10,14,26,34,584,477
06-Aug-2020,767,707,6326,5270,421,354,162,108,346,353,6164,5162,83,91,1105,747,52,45,11,10,31,46,1094,737
07-Aug-2020,385,407,3658,2906,219,212,90,59,166,195,3568,2847,40,52,631,443,21,25,13,6,19,27,618,437
08-Aug-2020,143,119,1195,998,81,56,23,9,62,63,1172,989,22,22,138,173,13,10,3,0,9,12,135,173
09-Aug-2020,616,610,5937,4762,336,339,97,85,280,271,5840,4677,72,78,1459,790,43,44,14,6,29,34,1445,784
10-Aug-2020,739,687,5434,4660,415,358,133,96,324,329,5301,4564,90,93,798,654,58,54,6,6,32,39,792,648
11-Aug-2020,671,615,5084,4581,369,332,100,103,302,283,4984,4478,49,64,758,592,35,34,4,15,14,30,754,577
12-Aug-2020,573,566,4899,4243,319,293,117,88,254,273,4782,4155,62,79,772,541,37,53,10,7,25,26,762,534
13-Aug-2020,687,623,5223,4734,396,286,127,92,291,337,5096,4642,74,81,794,662,42,37,5,10,32,44,789,652
14-Aug-2020,311,304,2887,2477,163,139,55,51,148,165,2832,2426,39,40,442,358,22,27,9,4,17,13,433,354
15-Aug-2020,189,176,1267,1310,112,75,25,12,77,101,1242,1298,28,29,230,189,15,13,5,2,13,16,225,187
16-Aug-2020,656,634,5191,4794,379,354,112,103,277,280,5079,4691,73,65,694,636,45,35,9,14,28,30,685,622
17-Aug-2020,723,616,5442,5201,406,325,118,130,317,291,5324,5071,89,93,752,687,56,50,9,11,33,43,743,676
18-Aug-2020,619,514,5437,5185,318,256,117,108,301,258,5320,5077,88,64,820,692,52,36,7,14,36,28,813,678
19-Aug-2020,547,512,4901,5274,293,255,102,150,254,257,4799,5124,70,58,765,611,47,33,14,8,23,25,751,603
20-Aug-2020,605,521,4940,6566,319,252,90,284,286,269,4850,6282,70,64,664,640,40,39,7,17,30,25,657,623
21-Aug-2020,410,375,3397,5338,221,182,78,197,189,193,3319,5141,53,64,436,381,33,35,7,4,20,29,429,377
22-Aug-2020,182,168,1443,1690,99,88,33,45,83,80,1410,1645,27,29,184,215,17,19,6,8,10,10,178,207
23-Aug-2020,654,631,4990,5284,357,327,94,122,297,304,4896,5162,72,90,594,660,41,52,6,6,31,38,588,654
24-Aug-2020,856,686,6800,8883,457,331,158,443,399,355,6642,8440,94,79,817,694,49,39,12,5,45,40,805,689
25-Aug-2020,756,680,5854,6137,399,321,119,201,357,359,5735,5936,96,88,774,701,60,47,6,7,36,41,768,694
26-Aug-2020,801,639,5975,6021,459,298,102,150,342,341,5873,5871,93,82,756,735,59,42,13,6,34,40,743,729
27-Aug-2020,781,678,5708,6103,407,317,120,130,374,361,5588,5973,74,81,762,757,43,42,6,11,31,39,756,746
28-Aug-2020,520,401,3957,3711,233,187,58,61,287,214,3899,3650,60,44,541,543,32,20,5,8,28,24,536,535
29-Aug-2020,197,158,1570,1495,100,85,32,30,97,73,1538,1465,36,22,247,245,17,15,6,4,19,7,241,241
30-Aug-2020,700,728,5647,5934,366,403,119,148,334,325,5528,5786,77,98,668,665,46,65,3,10,31,33,665,655
31-Aug-2020,829,937,5938,5846,446,471,123,113,383,466,5815,5733,101,99,760,728,58,59,9,12,43,40,751,716
01-Sep-2020,808,1000,5977,6913,428,438,114,219,380,562,5863,6694,101,88,759,724,58,44,10,9,43,44,749,715
02-Sep-2020,975,1072,6433,6368,453,499,120,145,522,573,6313,6223,117,109,792,739,62,58,8,9,55,51,784,730
03-Sep-2020,945,1023,7744,7298,423,424,160,141,522,599,7584,7157,94,96,865,791,54,51,13,14,40,45,852,777
04-Sep-2020,669,699,5187,5281,316,280,107,163,353,419,5080,5118,92,76,574,569,41,30,3,8,51,46,571,561
05-Sep-2020,426,386,2807,2528,208,171,44,33,218,215,2763,2495,47,59,303,301,22,33,5,5,25,26,298,296
06-Sep-2020,1012,1144,8277,7635,500,544,124,131,512,600,8153,7504,96,115,755,758,47,52,6,5,49,63,749,753
07-Sep-2020,1229,1177,10915,9934,518,497,216,198,711,680,10699,9736,114,127,942,921,50,51,10,20,64,76,932,901
08-Sep-2020,1338,1298,11488,10617,566,473,195,191,772,825,11293,10426,127,144,992,1008,55,58,8,14,72,86,984,994
09-Sep-2020,1357,1339,11919,10931,487,447,192,212,870,892,11727,10719,133,138,1046,1000,42,55,11,18,91,83,1035,982
10-Sep-2020,1634,1573,14060,12396,532,460,216,188,1102,1113,13844,12208,148,152,1177,1058,54,48,12,13,94,104,1165,1045
11-Sep-2020,1156,1094,9612,8414,379,318,152,124,777,776,9460,8290,130,110,853,743,50,34,9,9,80,76,844,734
12-Sep-2020,566,562,4690,4230,206,197,51,36,360,365,4639,4194,58,52,526,530,15,21,6,3,43,31,520,527
13-Sep-2020,1618,1700,12232,11144,569,530,169,124,1049,1170,12063,11020,153,173,1020,960,60,57,10,12,93,116,1010,948
14-Sep-2020,1722,1781,13880,12406,613,569,187,159,1109,1212,13693,12247,156,170,1133,1049,45,55,11,11,111,115,1122,1038
15-Sep-2020,1571,1666,14439,12762,429,443,202,153,1142,1223,14237,12609,165,148,1170,1095,41,37,9,6,124,111,1161,1089
16-Sep-2020,1517,1676,13728,12805,385,400,216,166,1132,1276,13512,12639,155,168,1108,1049,31,39,10,11,124,129,1098,1038
17-Sep-2020,1887,2050,16462,15205,487,428,222,185,1400,1622,16240,15020,179,192,1411,1306,35,38,13,10,144,154,1398,1296
18-Sep-2020,1352,1336,10249,9007,384,335,165,140,968,1001,10084,8867,150,172,902,864,45,40,8,11,105,132,894,853
19-Sep-2020,570,567,4002,3736,213,195,83,61,357,372,3919,3675,67,76,416,369,22,25,8,3,45,51,408,366
20-Sep-2020,857,752,4932,4622,289,220,138,137,568,532,4794,4485,97,113,448,495,25,28,7,11,72,85,441,484
21-Sep-2020,2046,2241,11933,10869,679,679,243,220,1367,1562,11690,10649,229,244,1014,1029,58,72,8,12,171,172,1006,1017
22-Sep-2020,2517,2605,13829,12776,782,782,243,215,1735,1823,13586,12561,262,299,1311,1263,57,84,24,21,205,215,1287,1242
23-Sep-2020,2437,2766,13638,12829,736,689,289,229,1701,2077,13349,12600,271,339,1418,1316,77,82,27,18,194,257,1391,1298
24-Sep-2020,2474,2893,14367,12829,617,602,320,243,1857,2291,14047,12586,287,325,1630,1346,60,72,25,18,227,253,1605,1328
25-Sep-2020,1940,2422,11875,10892,557,595,376,325,1383,1827,11499,10567,229,309,1275,1158,53,66,29,18,176,243,1246,1140
26-Sep-2020,805,891,5395,4805,260,257,153,139,545,634,5242,4666,87,128,751,593,20,34,28,19,67,94,723,574
27-Sep-2020,1063,1211,5273,4795,423,419,100,65,640,792,5173,4730,156,193,651,597,61,61,9,6,95,132,642,591
28-Sep-2020,336,351,1685,1450,122,125,22,21,214,226,1663,1429,55,65,250,224,23,30,1,0,32,35,249,224
29-Sep-2020,2336,2937,12465,11424,858,971,271,229,1478,1966,12194,11195,243,382,1308,1223,75,133,20,19,168,249,1288,1204
30-Sep-2020,2276,2854,13093,12318,848,887,336,282,1428,1967,12757,12036,288,374,1546,1352,104,112,16,13,184,262,1530,1339
01-Oct-2020,2044,2459,11828,11077,686,774,318,251,1358,1685,11510,10826,233,344,1514,1302,89,105,26,22,144,239,1488,1280
02-Oct-2020,1164,1418,7655,7257,489,531,207,170,675,887,7448,7087,193,233,1101,1001,83,95,20,15,110,138,1081,986
03-Oct-2020,461,432,2797,2566,220,189,42,42,241,243,2755,2524,98,83,497,401,49,43,2,2,49,40,495,399
04-Oct-2020,1408,1624,8112,7764,698,778,132,122,710,846,7980,7642,204,257,1036,983,114,141,10,9,90,116,1026,974
05-Oct-2020,1367,1618,8478,7902,705,775,189,135,662,843,8289,7767,218,265,1192,991,133,139,17,13,85,126,1175,978
06-Oct-2020,1117,1263,7373,6964,573,530,171,136,544,733,7202,6828,156,179,1031,903,93,93,22,16,63,86,1009,887
07-Oct-2020,1093,1345,8509,8013,555,580,173,159,538,765,8336,7854,158,217,1298,1208,84,102,17,15,74,115,1281,1193
08-Oct-2020,862,950,7968,7576,426,409,145,126,436,541,7823,7450,99,148,1275,1118,54,73,9,15,45,75,1266,1103
09-Oct-2020,538,578,4468,4243,276,235,106,117,262,343,4362,4126,74,91,764,699,49,48,13,11,25,43,751,688
10-Oct-2020,136,139,1685,1669,60,70,47,49,76,69,1638,1620,24,24,317,303,10,18,10,6,14,6,307,297
11-Oct-2020,704,803,6539,6629,385,398,136,136,319,405,6403,6493,88,119,925,974,54,65,10,10,34,54,915,964
12-Oct-2020,866,778,7193,6623,405,362,137,141,461,416,7056,6482,110,108,1150,1065,61,59,18,13,49,49,1132,1052
13-Oct-2020,591,595,6471,5995,279,263,141,111,312,332,6330,5884,90,84,1151,1029,45,36,19,16,45,48,1132,1013
14-Oct-2020,456,544,6130,5936,210,212,135,109,246,332,5995,5827,45,75,1192,1095,22,33,18,8,23,42,1174,1087
15-Oct-2020,396,410,6538,6223,191,181,142,145,205,229,6396,6078,52,55,1302,1105,25,27,23,17,27,28,1279,1088
16-Oct-2020,268,264,7568,3933,125,98,153,119,143,166,7415,3814,46,36,1227,725,19,20,16,12,27,16,1211,713
17-Oct-2020,92,89,3914,1675,36,38,60,44,56,51,3854,1631,0,0,0,0,0,0,0,0,0,0,0,0
18-Oct-2020,352,358,9378,6276,185,160,131,116,167,198,9247,6160,57,45,1557,1076,30,20,16,11,27,25,1541,1065
19-Oct-2020,357,326,7586,6632,167,138,161,142,190,188,7425,6490,54,42,1469,1104,29,26,22,14,25,16,1447,1090
20-Oct-2020,308,342,6504,6673,169,135,160,126,139,207,6344,6547,42,48,1096,968,23,28,19,13,19,20,1077,955
21-Oct-2020,285,264,6744,7530,136,110,144,122,149,154,6600,7408,44,27,1221,1113,26,11,21,11,18,16,1200,1102
22-Oct-2020,213,247,6559,6872,104,94,98,107,109,153,6461,6765,26,33,1196,1027,15,12,10,7,11,21,1186,1020
23-Oct-2020,169,176,3621,3960,57,79,76,65,112,97,3545,3895,18,33,608,590,7,14,6,5,11,19,602,585
24-Oct-2020,83,78,1577,1534,37,39,35,44,46,39,1542,1490,0,0,0,0,0,0,0,0,0,0,0,0
25-Oct-2020,180,221,5556,6796,91,106,86,76,89,115,5470,6720,31,46,919,932,20,28,13,2,11,18,906,930
26-Oct-2020,250,243,6305,7027,126,92,143,138,124,151,6162,6889,30,32,1095,994,18,17,16,13,12,15,1079,981
27-Oct-2020,206,219,6332,6397,110,103,116,127,96,116,6216,6270,28,30,1015,939,16,17,7,10,12,13,1008,929
28-Oct-2020,200,187,7397,6152,83,72,140,114,117,115,7257,6038,25,21,1151,974,12,10,15,6,13,11,1136,968
29-Oct-2020,186,189,8221,6651,64,61,100,104,122,128,8121,6547,23,23,1167,929,12,10,6,6,11,13,1161,923
