date,pos,neg,pos60,neg60,pos_f,pos_m,neg_f,neg_m,symptoms_pos_f,symptoms_pos_m,symptoms_neg_f,symptoms_neg_m,nosymptoms_pos_f,nosymptoms_pos_m,nosymptoms_neg_f,nosymptoms_neg_m,pos_f_60,pos_m_60,neg_f_60,neg_m_60,symptoms_pos_f_60,symptoms_pos_m_60,symptoms_neg_f_60,symptoms_neg_m_60,nosymptoms_pos_f_60,nosymptoms_pos_m_60,nosymptoms_neg_f_60,nosymptoms_neg_m_60
18-Mar-2020,139,1927,0,0,56,83,977,923,42,64,49,67,14,19,928,856,0,0,0,0,0,0,0,0,0,0,0,0
19-Mar-2020,152,2103,0,0,55,96,1123,973,41,78,80,74,14,18,1043,899,0,0,0,0,0,0,0,0,0,0,0,0
20-Mar-2020,172,1726,52,241,72,100,892,816,58,81,57,47,14,19,835,769,23,29,114,127,16,26,6,4,7,3,108,123
21-Mar-2020,208,1541,0,0,64,144,773,759,49,87,110,101,15,57,663,658,0,0,0,0,0,0,0,0,0,0,0,0
22-Mar-2020,268,3311,67,502,114,154,1796,1483,93,129,442,383,21,25,1354,1100,19,48,267,232,15,38,56,43,4,10,211,189
23-Mar-2020,403,3193,86,561,171,232,1649,1476,126,180,489,364,45,52,1160,1112,39,47,292,266,21,32,66,47,18,15,226,219
24-Mar-2020,380,4537,75,637,136,242,2316,2168,107,193,444,428,29,49,1872,1740,29,46,324,311,20,38,63,51,9,8,261,260
25-Mar-2020,492,5064,101,747,201,289,2590,2400,157,232,576,550,44,57,2014,1850,35,66,383,364,28,54,86,71,7,12,297,293
26-Mar-2020,529,5929,102,803,222,306,3035,2627,177,234,422,439,45,72,2613,2188,36,66,426,371,28,52,58,68,8,14,368,303
27-Mar-2020,520,5277,90,778,205,313,2640,2597,154,228,339,284,51,85,2301,2313,33,57,412,365,23,36,51,26,10,21,361,339
28-Mar-2020,444,5314,90,788,212,231,2609,2649,146,173,322,288,66,58,2287,2361,44,46,408,377,30,37,30,33,14,9,378,344
29-Mar-2020,428,4828,77,676,161,266,2396,2403,110,194,210,226,51,72,2186,2177,27,50,315,359,20,31,24,24,7,19,291,335
30-Mar-2020,604,5348,112,690,244,360,2619,2677,157,258,226,244,87,102,2393,2433,47,65,329,359,30,42,23,15,17,23,306,344
31-Mar-2020,740,6760,162,958,327,413,3294,3416,238,301,175,228,89,112,3119,3188,70,92,469,482,43,59,19,21,27,33,450,461
01-Apr-2020,711,8315,173,1348,286,424,4178,4010,202,306,299,369,84,118,3879,3641,72,101,708,621,46,79,28,41,26,22,680,580
02-Apr-2020,600,8065,129,1190,280,319,3926,4078,181,224,481,484,99,95,3445,3594,67,62,594,589,38,45,76,63,29,17,518,526
03-Apr-2020,499,7798,83,992,202,296,3498,4182,135,188,226,261,67,108,3272,3921,40,43,444,529,28,26,17,22,12,17,427,507
04-Apr-2020,465,5056,87,899,202,262,2373,2607,105,156,207,212,97,106,2166,2395,37,50,503,388,13,32,27,26,24,18,476,362
05-Apr-2020,541,7436,96,1303,240,301,3543,3808,174,205,711,752,66,96,2832,3056,54,42,704,594,36,25,133,94,18,17,571,500
06-Apr-2020,401,5242,71,857,180,219,2546,2657,115,141,777,784,65,78,1769,1873,31,40,465,388,17,29,135,98,14,11,330,290
07-Apr-2020,432,5351,66,895,216,212,2506,2787,128,138,841,929,88,74,1665,1858,34,32,419,472,15,21,108,124,19,11,311,348
08-Apr-2020,279,3938,51,659,104,173,1747,2103,75,121,659,749,29,52,1088,1354,23,28,350,305,12,16,88,64,11,12,262,241
09-Apr-2020,296,4456,47,690,135,160,1905,2417,93,106,893,1134,42,54,1012,1283,24,23,354,327,14,12,86,105,10,11,268,222
10-Apr-2020,351,5600,54,1312,151,200,2620,2896,99,142,923,1074,52,58,1697,1822,25,29,768,528,13,17,140,126,12,12,628,402
11-Apr-2020,322,4383,64,1152,149,173,2162,2157,92,117,865,872,57,56,1297,1285,35,29,677,472,16,22,163,132,19,7,514,340
12-Apr-2020,296,5759,98,1635,150,144,2966,2655,72,87,540,564,78,57,2426,2091,60,38,973,643,15,19,94,73,45,19,879,570
13-Apr-2020,418,7811,46,1887,201,214,4001,3646,120,130,871,958,81,84,3130,2688,19,27,1065,810,11,13,95,108,8,14,970,702
14-Apr-2020,343,6401,55,1849,160,181,3331,3031,118,110,681,761,42,71,2650,2270,30,25,1160,684,18,17,90,84,12,8,1070,600
15-Apr-2020,253,7234,0,0,143,110,3837,3379,93,72,806,990,50,38,3031,2389,0,0,0,0,0,0,0,0,0,0,0,0
16-Apr-2020,249,9288,0,0,123,124,4918,4286,75,71,721,850,48,53,4197,3436,0,0,0,0,0,0,0,0,0,0,0,0
17-Apr-2020,187,7372,0,0,108,78,3951,3359,71,47,664,809,37,31,3287,2550,0,0,0,0,0,0,0,0,0,0,0,0
18-Apr-2020,256,6439,0,0,111,143,3371,2916,77,75,569,689,34,68,2802,2227,0,0,0,0,0,0,0,0,0,0,0,0
19-Apr-2020,293,10279,44,2794,142,150,5374,4782,70,82,810,963,72,68,4564,3819,22,22,1775,1009,8,10,121,93,14,12,1654,916
20-Apr-2020,210,10504,0,0,93,117,5598,4816,52,72,632,721,41,45,4966,4095,0,0,0,0,0,0,0,0,0,0,0,0
21-Apr-2020,227,9299,0,0,115,111,4592,4603,66,66,549,677,49,45,4043,3926,0,0,0,0,0,0,0,0,0,0,0,0
22-Apr-2020,205,9216,0,0,92,110,4425,4623,57,63,677,707,35,47,3748,3916,0,0,0,0,0,0,0,0,0,0,0,0
23-Apr-2020,251,9385,0,0,140,111,4652,4655,76,52,616,718,64,59,4036,3937,0,0,0,0,0,0,0,0,0,0,0,0
24-Apr-2020,166,7199,0,0,72,93,3737,3407,32,40,448,507,40,53,3289,2900,0,0,0,0,0,0,0,0,0,0,0,0
25-Apr-2020,56,4771,0,0,21,35,2636,2107,12,18,270,291,9,17,2366,1816,0,0,0,0,0,0,0,0,0,0,0,0
26-Apr-2020,106,7258,0,0,48,58,3464,3757,18,24,378,381,30,34,3086,3376,0,0,0,0,0,0,0,0,0,0,0,0
27-Apr-2020,122,6870,0,0,46,76,3329,3461,27,35,302,404,19,41,3027,3057,0,0,0,0,0,0,0,0,0,0,0,0
28-Apr-2020,77,5977,0,0,41,36,2986,2946,23,15,336,349,18,21,2650,2597,0,0,0,0,0,0,0,0,0,0,0,0
29-Apr-2020,92,4530,0,0,36,54,2388,2113,18,26,283,319,18,28,2105,1794,0,0,0,0,0,0,0,0,0,0,0,0
30-Apr-2020,93,6541,0,0,43,50,3284,3228,23,24,243,222,20,26,3041,3006,0,0,0,0,0,0,0,0,0,0,0,0
01-May-2020,75,5768,0,0,43,22,2986,2726,20,8,162,177,23,14,2824,2549,0,0,0,0,0,0,0,0,0,0,0,0
02-May-2020,18,2375,0,0,0,0,0,0,0,0,0,0,0,0,0,0,0,0,0,0,0,0,0,0,0,0,0,0
03-May-2020,40,5855,0,0,16,24,3396,2443,7,9,76,89,9,15,3320,2354,0,0,0,0,0,0,0,0,0,0,0,0
04-May-2020,37,5537,0,0,0,0,0,0,0,0,0,0,0,0,0,0,0,0,0,0,0,0,0,0,0,0,0,0
05-May-2020,38,6320,0,0,21,17,3424,2875,7,9,169,146,14,8,3255,2729,0,0,0,0,0,0,0,0,0,0,0,0
06-May-2020,46,6329,0,0,22,24,3620,2679,8,11,91,91,14,13,3529,2588,0,0,0,0,0,0,0,0,0,0,0,0
07-May-2020,35,7249,0,0,18,17,3772,3466,12,7,116,107,6,10,3656,3359,0,0,0,0,0,0,0,0,0,0,0,0
08-May-2020,18,3944,0,0,0,0,0,0,0,0,0,0,0,0,0,0,0,0,0,0,0,0,0,0,0,0,0,0
09-May-2020,9,849,0,0,0,0,0,0,0,0,0,0,0,0,0,0,0,0,0,0,0,0,0,0,0,0,0,0
10-May-2020,22,4712,0,0,0,0,0,0,0,0,0,0,0,0,0,0,0,0,0,0,0,0,0,0,0,0,0,0
11-May-2020,31,5787,0,0,0,0,0,0,0,0,0,0,0,0,0,0,0,0,0,0,0,0,0,0,0,0,0,0
12-May-2020,19,5024,0,0,0,0,0,0,0,0,0,0,0,0,0,0,0,0,0,0,0,0,0,0,0,0,0,0
13-May-2020,24,4948,0,0,0,0,0,0,0,0,0,0,0,0,0,0,0,0,0,0,0,0,0,0,0,0,0,0
14-May-2020,16,4472,0,0,0,0,0,0,0,0,0,0,0,0,0,0,0,0,0,0,0,0,0,0,0,0,0,0
15-May-2020,7,1980,0,0,0,0,0,0,0,0,0,0,0,0,0,0,0,0,0,0,0,0,0,0,0,0,0,0
16-May-2020,4,676,0,0,0,0,0,0,0,0,0,0,0,0,0,0,0,0,0,0,0,0,0,0,0,0,0,0
17-May-2020,15,3343,0,0,0,0,0,0,0,0,0,0,0,0,0,0,0,0,0,0,0,0,0,0,0,0,0,0
18-May-2020,23,4407,0,0,0,0,0,0,0,0,0,0,0,0,0,0,0,0,0,0,0,0,0,0,0,0,0,0
19-May-2020,12,4120,0,0,0,0,0,0,0,0,0,0,0,0,0,0,0,0,0,0,0,0,0,0,0,0,0,0
20-May-2020,16,3732,0,0,0,0,0,0,0,0,0,0,0,0,0,0,0,0,0,0,0,0,0,0,0,0,0,0
21-May-2020,18,3978,0,0,0,0,0,0,0,0,0,0,0,0,0,0,0,0,0,0,0,0,0,0,0,0,0,0
22-May-2020,16,2556,0,0,0,0,0,0,0,0,0,0,0,0,0,0,0,0,0,0,0,0,0,0,0,0,0,0
23-May-2020,3,568,0,0,0,0,0,0,0,0,0,0,0,0,0,0,0,0,0,0,0,0,0,0,0,0,0,0
24-May-2020,4,2721,0,0,0,0,0,0,0,0,0,0,0,0,0,0,0,0,0,0,0,0,0,0,0,0,0,0
25-May-2020,28,4200,0,0,0,0,0,0,0,0,0,0,0,0,0,0,0,0,0,0,0,0,0,0,0,0,0,0
26-May-2020,35,3801,0,0,18,17,2204,1592,7,6,36,48,11,11,2168,1544,0,0,0,0,0,0,0,0,0,0,0,0
27-May-2020,34,4356,0,0,17,15,2694,1639,9,6,51,38,8,9,2643,1601,0,0,0,0,0,0,0,0,0,0,0,0
28-May-2020,101,3056,0,0,34,52,1724,1317,13,19,38,28,21,33,1686,1289,0,0,0,0,0,0,0,0,0,0,0,0
29-May-2020,77,1089,0,0,38,39,583,503,11,12,15,9,27,27,568,494,0,0,0,0,0,0,0,0,0,0,0,0
30-May-2020,49,1558,0,0,20,28,763,791,8,16,13,12,12,12,750,779,0,0,0,0,0,0,0,0,0,0,0,0
31-May-2020,71,5300,0,0,35,31,2922,2286,16,13,60,43,19,18,2862,2243,0,0,0,0,0,0,0,0,0,0,0,0
01-Jun-2020,118,9227,0,0,61,50,4799,4148,28,24,104,91,33,26,4695,4057,0,0,0,0,0,0,0,0,0,0,0,0
02-Jun-2020,101,12905,0,0,49,45,6797,5022,23,18,153,109,26,27,6644,4913,0,0,0,0,0,0,0,0,0,0,0,0
03-Jun-2020,129,12671,0,0,55,68,6724,5414,23,22,140,145,32,46,6584,5269,0,0,0,0,0,0,0,0,0,0,0,0
04-Jun-2020,155,14072,0,0,76,68,7676,5666,34,22,200,146,42,46,7476,5520,0,0,0,0,0,0,0,0,0,0,0,0
05-Jun-2020,82,9448,0,0,36,42,4997,3985,16,19,111,115,20,23,4886,3870,0,0,0,0,0,0,0,0,0,0,0,0
06-Jun-2020,64,6563,0,0,30,30,3390,2788,10,12,81,60,20,18,3309,2728,0,0,0,0,0,0,0,0,0,0,0,0
07-Jun-2020,151,10552,0,0,65,80,5710,4472,37,28,173,117,28,52,5537,4355,0,0,0,0,0,0,0,0,0,0,0,0
08-Jun-2020,124,11655,0,0,50,65,6278,5010,24,27,160,120,26,38,6118,4890,0,0,0,0,0,0,0,0,0,0,0,0
09-Jun-2020,228,13407,0,0,98,129,7525,5719,38,51,191,143,60,78,7334,5576,0,0,0,0,0,0,0,0,0,0,0,0
10-Jun-2020,207,12928,0,0,98,105,7148,5530,45,46,191,140,53,59,6957,5390,0,0,0,0,0,0,0,0,0,0,0,0
11-Jun-2020,182,12027,0,0,89,90,6479,5317,45,42,180,131,44,48,6299,5186,0,0,0,0,0,0,0,0,0,0,0,0
12-Jun-2020,98,5921,0,0,37,59,3283,2607,15,31,101,66,22,28,3182,2541,0,0,0,0,0,0,0,0,0,0,0,0
13-Jun-2020,58,2178,0,0,37,20,1180,974,13,8,24,24,24,12,1156,950,0,0,0,0,0,0,0,0,0,0,0,0
14-Jun-2020,171,9183,0,0,72,87,5124,4006,36,48,141,104,36,39,4983,3902,0,0,0,0,0,0,0,0,0,0,0,0
15-Jun-2020,265,12072,0,0,132,129,6508,5360,68,57,178,140,64,72,6330,5220,0,0,0,0,0,0,0,0,0,0,0,0
16-Jun-2020,211,11150,0,0,85,123,6006,4961,42,55,151,140,43,68,5855,4821,0,0,0,0,0,0,0,0,0,0,0,0
17-Jun-2020,266,10567,0,0,133,128,5908,4614,68,66,153,125,65,62,5755,4489,0,0,0,0,0,0,0,0,0,0,0,0
18-Jun-2020,270,10213,39,1371,126,142,5542,4583,65,68,123,123,61,74,5419,4460,20,19,860,511,10,13,16,10,10,6,844,501
19-Jun-2020,224,6840,42,748,105,118,3666,3097,47,49,88,99,58,69,3578,2998,24,18,414,333,11,9,9,4,13,9,405,329
20-Jun-2020,56,2556,0,0,32,24,1264,1006,14,10,24,17,18,14,1240,989,0,0,0,0,0,0,0,0,0,0,0,0
21-Jun-2020,278,9673,39,1078,131,142,5274,4364,72,66,152,133,59,76,5122,4231,18,21,568,510,13,9,13,8,5,12,555,502
22-Jun-2020,353,11583,40,1340,159,188,6092,5306,75,100,160,139,84,88,5932,5167,18,22,721,617,11,13,9,16,7,9,712,601
23-Jun-2020,396,13605,37,1631,181,214,7015,6477,92,98,175,175,89,116,6840,6302,18,19,925,706,8,12,18,15,10,7,907,691
24-Jun-2020,439,12458,0,0,180,248,6375,5938,85,124,168,189,95,124,6207,5749,0,0,0,0,0,0,0,0,0,0,0,0
25-Jun-2020,510,13636,58,1567,218,285,7060,6368,105,106,216,222,113,179,6844,6146,30,28,884,682,8,13,14,17,22,15,870,665
26-Jun-2020,326,8345,0,0,155,171,4320,3930,82,82,136,140,73,89,4184,3790,0,0,0,0,0,0,0,0,0,0,0,0
27-Jun-2020,143,3407,0,0,72,71,1716,1564,36,27,58,42,36,44,1658,1522,0,0,0,0,0,0,0,0,0,0,0,0
28-Jun-2020,564,12103,59,1219,246,315,6204,5814,123,164,163,172,123,151,6041,5642,29,30,653,566,16,18,12,13,13,12,641,553
29-Jun-2020,794,15277,67,1615,362,425,7888,7183,174,199,193,206,188,226,7695,6977,26,41,852,760,16,21,14,13,10,20,838,747
30-Jun-2020,906,15580,94,1771,379,523,7792,7555,184,219,204,262,195,304,7588,7293,43,51,934,837,22,26,15,22,21,25,919,815
01-Jul-2020,910,15422,71,2131,405,501,7792,7415,193,219,235,268,212,282,7557,7147,38,33,1174,955,18,12,30,18,20,21,1144,937
02-Jul-2020,997,17926,93,1854,463,527,9193,8488,233,232,246,245,230,295,8947,8243,43,50,976,875,24,25,15,17,19,25,961,858
03-Jul-2020,681,11957,60,1278,311,366,6209,5523,153,178,179,223,158,188,6030,5300,29,31,691,586,12,19,16,9,17,12,675,577
04-Jul-2020,400,6859,0,0,199,196,3416,3176,99,88,78,90,100,108,3338,3086,0,0,0,0,0,0,0,0,0,0,0,0
05-Jul-2020,950,15819,88,1629,449,496,8298,7443,204,224,240,218,245,272,8058,7225,43,45,849,779,21,24,17,18,22,21,832,761
06-Jul-2020,1221,21682,102,2196,582,633,11166,10228,286,297,283,287,296,336,10883,9941,49,53,1222,973,34,32,27,23,15,21,1195,950
07-Jul-2020,1228,20158,110,1787,597,614,10400,9522,286,300,286,258,311,314,10114,9264,55,55,949,838,31,30,19,20,24,25,930,818
08-Jul-2020,1453,20489,135,2072,687,751,10736,9402,306,315,239,268,381,436,10497,9134,63,72,1132,940,30,43,23,17,33,29,1109,923
09-Jul-2020,1352,19667,118,1872,653,691,10248,8917,301,286,239,235,352,405,10009,8682,64,54,1007,864,33,30,18,16,31,24,989,848
10-Jul-2020,971,13859,87,1505,457,509,7279,6460,210,218,201,190,247,291,7078,6270,44,43,825,680,21,20,14,14,23,23,811,666
11-Jul-2020,538,7817,54,695,260,276,4062,3644,134,141,100,96,126,135,3962,3548,28,26,346,348,17,20,7,9,11,6,339,339
12-Jul-2020,1299,15552,139,1687,602,688,8100,7270,295,298,206,179,307,390,7894,7091,68,71,942,744,41,35,12,14,27,36,930,730
13-Jul-2020,1394,15553,139,1645,646,735,7993,7247,332,351,229,197,314,384,7764,7050,62,77,943,697,37,39,11,10,25,38,932,687
14-Jul-2020,1435,16779,125,1892,709,716,8867,7721,357,344,217,186,352,372,8650,7535,59,66,1118,772,34,33,13,13,25,33,1105,759
15-Jul-2020,1439,15687,129,1817,729,706,8095,7286,372,338,205,198,357,368,7890,7088,67,62,1002,815,39,33,15,14,28,29,987,801
16-Jul-2020,1772,16014,183,1667,862,893,8390,7493,450,437,194,196,412,456,8196,7297,92,91,892,773,44,44,8,12,48,47,884,761
17-Jul-2020,1104,10009,115,1148,537,560,5308,4609,270,284,136,105,267,276,5172,4504,60,55,635,513,36,30,12,6,24,25,623,507
18-Jul-2020,413,4031,50,596,193,215,2098,1907,93,113,50,47,100,102,2048,1860,19,31,302,292,10,18,10,6,9,13,292,286
19-Jul-2020,1448,12603,136,1419,700,746,6661,5876,362,371,151,135,338,375,6510,5741,62,74,737,682,36,38,12,9,26,36,725,673
20-Jul-2020,1805,15599,152,2191,861,931,8395,7113,422,462,215,184,439,469,8180,6929,72,80,1337,850,37,43,16,13,35,37,1321,837
21-Jul-2020,1736,14298,181,2174,871,856,7621,6605,461,424,163,170,410,432,7458,6435,106,75,1300,872,72,44,17,13,34,31,1283,859
22-Jul-2020,1503,14144,145,1783,754,741,7692,6394,411,351,193,187,343,390,7499,6207,81,64,1064,713,44,30,14,10,37,34,1050,703
23-Jul-2020,1774,14358,176,1922,936,835,7477,6812,449,386,190,190,487,449,7287,6622,94,82,1134,787,43,40,9,15,51,42,1125,772
24-Jul-2020,862,7434,96,1053,439,423,4012,3386,214,230,109,83,225,193,3903,3303,51,45,609,444,31,29,8,6,20,16,601,438
25-Jul-2020,273,2329,39,377,132,141,1249,1068,79,75,33,22,53,66,1216,1046,16,23,194,182,11,15,5,4,5,8,189,178
26-Jul-2020,1448,11918,162,1336,724,723,6306,5580,419,392,163,136,305,331,6143,5444,69,93,690,646,44,51,9,8,25,42,681,638
27-Jul-2020,1815,13117,168,1440,887,922,6910,6062,486,454,170,178,401,468,6740,5884,82,86,799,634,56,39,15,10,26,47,784,624
28-Jul-2020,1488,10890,156,1254,747,740,5769,5071,401,399,178,139,346,341,5591,4932,82,74,664,588,48,47,11,12,34,27,653,576
29-Jul-2020,1350,10773,144,1391,655,694,5646,5041,329,340,155,139,326,354,5491,4902,69,74,773,615,36,31,11,13,33,43,762,602
30-Jul-2020,1150,9782,98,1624,576,569,5250,4427,327,276,147,109,249,293,5103,4318,53,45,958,665,34,28,16,8,19,17,942,657
31-Jul-2020,756,5270,0,0,336,416,2748,2483,184,239,81,81,152,177,2667,2402,0,0,0,0,0,0,0,0,0,0,0,0
01-Aug-2020,302,2547,53,398,144,155,1355,1180,74,80,32,20,70,75,1323,1160,28,25,202,196,14,14,8,1,14,11,194,195
02-Aug-2020,1123,8997,135,1465,516,605,4725,4244,289,324,106,110,227,281,4619,4134,60,75,806,659,38,46,7,8,22,29,799,651
03-Aug-2020,1277,9867,144,1410,589,687,5190,4633,348,386,108,130,241,301,5082,4503,73,71,754,655,44,43,13,10,29,28,741,645
04-Aug-2020,1405,10085,185,1333,692,711,5230,4817,376,366,126,138,316,345,5104,4679,86,99,735,598,48,49,9,5,38,50,726,593
05-Aug-2020,1265,9093,131,1091,625,634,4680,4362,339,321,110,104,286,313,4570,4258,64,67,596,495,38,33,10,14,26,34,586,481
06-Aug-2020,1479,11653,175,1862,767,707,6329,5266,421,356,174,117,346,351,6155,5149,83,92,1113,749,52,45,15,11,31,47,1098,738
07-Aug-2020,799,6628,93,1080,384,408,3658,2907,218,214,97,63,166,194,3561,2844,40,53,631,444,21,26,14,7,19,27,617,437
08-Aug-2020,262,2198,44,311,143,119,1195,998,81,56,23,10,62,63,1172,988,22,22,138,173,13,10,3,0,9,12,135,173
09-Aug-2020,1230,10727,150,2262,616,610,5938,4762,336,339,109,93,280,271,5829,4669,72,78,1467,794,43,44,16,7,29,34,1451,787
10-Aug-2020,1437,10190,184,1463,739,687,5434,4666,415,359,141,103,324,328,5293,4563,90,94,802,658,58,55,6,6,32,39,796,652
11-Aug-2020,1294,9726,114,1355,671,615,5080,4586,369,332,108,110,302,283,4972,4476,49,65,760,595,35,35,5,15,14,30,755,580
12-Aug-2020,1143,9191,142,1317,573,566,4902,4243,319,293,128,96,254,273,4774,4147,62,80,775,541,37,54,10,8,25,26,765,533
13-Aug-2020,1319,10015,156,1462,687,623,5221,4735,396,287,133,100,291,336,5088,4635,75,81,798,664,43,37,6,10,32,44,792,654
14-Aug-2020,622,5415,79,803,310,304,2888,2482,163,139,61,55,147,165,2827,2427,39,40,442,359,22,27,10,4,17,13,432,355
15-Aug-2020,371,2586,57,423,189,176,1265,1312,112,75,33,19,77,101,1232,1293,28,29,231,192,15,13,7,3,13,16,224,189
16-Aug-2020,1294,10016,139,1339,656,634,5191,4794,379,354,123,105,277,280,5068,4689,73,65,699,639,45,35,11,15,28,30,688,624
17-Aug-2020,1348,10721,184,1451,723,616,5448,5202,406,325,131,138,317,291,5317,5064,89,93,754,689,56,50,9,11,33,43,745,678
18-Aug-2020,1155,10681,152,1517,619,514,5438,5188,318,256,123,119,301,258,5315,5069,88,64,820,697,52,36,7,15,36,28,813,682
19-Aug-2020,1065,10246,129,1390,547,512,4900,5278,293,256,115,162,254,256,4785,5116,70,59,766,618,47,34,15,9,23,25,751,609
20-Aug-2020,1134,11588,134,1307,605,521,4939,6568,319,253,100,291,286,268,4839,6277,70,64,666,641,40,39,8,17,30,25,658,624
21-Aug-2020,787,8775,117,823,410,375,3391,5345,221,182,86,206,189,193,3305,5139,53,64,440,382,33,35,8,4,20,29,432,378
22-Aug-2020,352,3143,56,399,182,168,1443,1690,99,88,37,48,83,80,1406,1642,27,29,184,215,17,19,6,9,10,10,178,206
23-Aug-2020,1285,10311,162,1260,654,631,4989,5285,357,327,98,128,297,304,4891,5157,72,90,597,663,41,52,7,6,31,38,590,657
24-Aug-2020,1549,15755,174,1521,856,686,6799,8885,457,331,180,458,399,355,6619,8427,95,79,822,698,50,39,13,7,45,40,809,691
25-Aug-2020,1440,12044,185,1482,756,680,5855,6143,399,321,133,213,357,359,5722,5930,96,89,775,705,60,48,9,9,36,41,766,696
26-Aug-2020,1446,12060,177,1501,801,639,5975,6022,459,298,117,160,342,341,5858,5862,93,84,763,737,59,44,14,8,34,40,749,729
27-Aug-2020,1468,11910,156,1529,781,678,5705,6107,407,318,137,145,374,360,5568,5962,75,81,768,759,44,42,9,13,31,39,759,746
28-Aug-2020,925,7703,104,1091,520,401,3957,3711,233,188,65,66,287,213,3892,3645,60,44,543,547,32,20,5,9,28,24,538,538
29-Aug-2020,358,3101,58,494,197,158,1570,1495,100,85,34,32,97,73,1536,1463,36,22,247,247,17,15,6,5,19,7,241,242
30-Aug-2020,1428,11632,175,1339,698,728,5651,5933,365,403,125,155,333,325,5526,5778,77,98,673,665,46,65,3,10,31,33,670,655
31-Aug-2020,1771,11891,200,1495,828,938,5934,5852,445,473,135,125,383,465,5799,5727,101,99,764,729,58,59,11,13,43,40,753,716
01-Sep-2020,1812,12975,190,1484,808,1000,5974,6936,429,438,128,233,379,562,5846,6703,101,89,759,725,58,45,10,9,43,44,749,716
02-Sep-2020,2051,12859,227,1537,975,1072,6434,6368,453,500,130,149,522,572,6304,6219,117,110,796,741,62,59,9,11,55,51,787,730
03-Sep-2020,1977,15097,191,1666,945,1023,7741,7301,424,424,172,157,521,599,7569,7144,94,97,871,794,54,51,14,17,40,46,857,777
04-Sep-2020,1379,10519,170,1146,669,699,5187,5284,316,280,121,173,353,419,5066,5111,93,77,575,570,42,31,4,9,51,46,571,561
05-Sep-2020,815,5351,106,604,426,386,2807,2529,208,171,52,37,218,215,2755,2492,47,59,303,301,22,33,5,5,25,26,298,296
06-Sep-2020,2161,15959,211,1519,1012,1144,8275,7638,500,544,143,136,512,600,8132,7502,96,115,759,760,47,52,8,5,49,63,751,755
07-Sep-2020,2411,20946,241,1867,1229,1177,10921,9934,519,498,238,209,710,679,10683,9725,114,127,943,923,51,51,13,21,63,76,930,902
08-Sep-2020,2656,22172,272,2008,1338,1298,11491,10614,566,473,219,202,772,825,11272,10412,128,144,996,1012,55,58,9,14,73,86,987,998
09-Sep-2020,2702,22951,271,2057,1357,1339,11917,10933,488,447,205,229,869,892,11712,10704,133,138,1050,1005,42,55,14,21,91,83,1036,984
10-Sep-2020,3214,26535,303,2237,1634,1573,14060,12397,533,461,247,208,1101,1112,13813,12189,150,153,1177,1060,55,48,16,14,95,105,1161,1046
11-Sep-2020,2258,18067,240,1604,1156,1094,9613,8416,379,319,170,135,777,775,9443,8281,130,110,856,744,50,35,12,11,80,75,844,733
12-Sep-2020,1130,8934,111,1057,566,562,4690,4230,206,197,60,46,360,365,4630,4184,58,53,526,531,15,21,7,4,43,32,519,527
13-Sep-2020,3320,23418,327,1988,1618,1700,12229,11148,571,530,186,139,1047,1170,12043,11009,154,173,1022,966,61,57,11,12,93,116,1011,954
14-Sep-2020,3506,26351,326,2194,1722,1781,13883,12410,614,569,213,173,1108,1212,13670,12237,156,170,1139,1053,45,55,12,13,111,115,1127,1040
15-Sep-2020,3241,27247,313,2277,1571,1666,14434,12765,430,445,224,172,1141,1221,14210,12593,165,148,1176,1099,41,37,10,7,124,111,1166,1092
16-Sep-2020,3196,26579,323,2167,1518,1675,13727,12805,385,401,241,188,1133,1274,13486,12617,155,168,1114,1053,31,39,14,13,124,129,1100,1040
17-Sep-2020,3954,31777,372,2722,1887,2050,16461,15205,488,431,248,202,1399,1619,16213,15003,179,192,1411,1311,36,38,15,11,143,154,1396,1300
18-Sep-2020,2694,19293,323,1770,1352,1336,10249,9005,385,335,182,159,967,1001,10067,8846,150,172,903,867,45,40,9,11,105,132,894,856
19-Sep-2020,1138,7780,144,787,571,566,4002,3736,214,194,91,66,357,372,3911,3670,67,77,416,370,22,25,8,4,45,52,408,366
20-Sep-2020,1610,9579,210,944,857,752,4930,4626,289,221,142,145,568,531,4788,4481,97,113,447,497,25,28,7,12,72,85,440,485
21-Sep-2020,4289,22842,474,2050,2046,2241,11933,10870,680,682,259,229,1366,1559,11674,10641,230,244,1019,1031,58,73,9,12,172,171,1010,1019
22-Sep-2020,5131,26662,562,2588,2518,2604,13832,12775,782,787,269,234,1736,1817,13563,12541,262,300,1318,1270,57,86,27,22,205,214,1291,1248
23-Sep-2020,5217,26502,611,2747,2437,2766,13634,12832,743,694,314,248,1694,2072,13320,12584,271,340,1421,1322,78,82,26,20,193,258,1395,1302
24-Sep-2020,5372,27262,613,2982,2474,2892,14363,12833,626,609,337,257,1848,2283,14026,12576,288,325,1633,1349,61,72,26,19,227,253,1607,1330
25-Sep-2020,4376,22794,539,2440,1940,2422,11878,10891,559,605,391,339,1381,1817,11487,10552,229,310,1281,1159,53,66,29,18,176,244,1252,1141
26-Sep-2020,1712,10276,215,1353,805,891,5396,4807,260,257,162,152,545,634,5234,4655,87,128,754,599,20,34,28,20,67,94,726,579
27-Sep-2020,2277,10084,349,1252,1063,1211,5272,4796,423,419,110,71,640,792,5162,4725,156,193,653,599,61,61,9,6,95,132,644,593
28-Sep-2020,688,3142,121,476,336,351,1686,1450,123,126,27,24,213,225,1659,1426,56,65,251,225,23,30,2,1,33,35,249,224
29-Sep-2020,5276,23921,628,2534,2336,2937,12462,11425,858,973,284,240,1478,1964,12178,11185,244,384,1307,1227,76,133,22,22,168,251,1285,1205
30-Sep-2020,5136,25470,663,2909,2276,2854,13092,12322,852,900,351,296,1424,1954,12741,12026,288,375,1552,1357,104,112,17,15,184,263,1535,1342
01-Oct-2020,4518,22963,577,2828,2044,2460,11828,11077,712,809,337,272,1332,1651,11491,10805,233,344,1520,1306,89,105,26,25,144,239,1494,1281
02-Oct-2020,2589,14956,428,2108,1164,1418,7655,7257,494,538,218,178,670,880,7437,7079,193,235,1103,1005,83,95,20,16,110,140,1083,989
03-Oct-2020,902,5383,182,900,461,432,2797,2565,221,190,45,47,240,242,2752,2518,99,83,498,402,50,43,2,2,49,40,496,400
04-Oct-2020,3042,15916,461,2020,1408,1624,8106,7770,722,798,143,132,686,826,7963,7638,204,257,1037,983,114,141,10,9,90,116,1027,974
05-Oct-2020,3001,16443,483,2188,1367,1618,8475,7905,720,801,206,144,647,817,8269,7761,218,265,1194,994,133,139,20,13,85,126,1174,981
06-Oct-2020,2384,14368,335,1939,1117,1263,7373,6964,584,555,181,145,533,708,7192,6819,156,179,1033,906,93,93,23,16,63,86,1010,890
07-Oct-2020,2443,16550,376,2517,1092,1345,8509,8013,567,620,185,164,525,725,8324,7849,158,218,1305,1211,84,103,17,15,74,115,1288,1196
08-Oct-2020,1821,15597,247,2405,862,950,7968,7576,433,425,158,133,429,525,7810,7443,99,148,1280,1122,54,73,12,16,45,75,1268,1106
09-Oct-2020,1127,8776,166,1465,538,578,4468,4241,276,239,113,120,262,339,4355,4121,75,91,765,700,50,48,14,11,25,43,751,689
10-Oct-2020,277,3361,48,624,136,139,1684,1670,60,73,48,52,76,66,1636,1618,24,24,319,305,10,18,11,7,14,6,308,298
11-Oct-2020,1513,13222,208,1905,704,803,6538,6630,388,409,140,143,316,394,6398,6487,88,120,927,978,54,65,11,12,34,55,916,966
12-Oct-2020,1652,13876,218,2224,867,776,7189,6627,412,373,146,154,455,403,7043,6473,110,108,1154,1070,61,59,21,15,49,49,1133,1055
13-Oct-2020,1193,12501,174,2183,590,595,6470,5997,288,281,146,125,302,314,6324,5872,90,84,1153,1029,45,36,19,17,45,48,1134,1012
14-Oct-2020,1003,12095,120,2296,456,544,6129,5938,219,221,142,118,237,323,5987,5820,45,75,1192,1103,22,33,19,10,23,42,1173,1093
15-Oct-2020,814,12800,107,2421,397,409,6533,6228,192,188,155,153,205,221,6378,6075,52,55,1308,1113,25,27,23,17,27,28,1285,1096
16-Oct-2020,534,11515,83,1960,268,264,7567,3934,126,99,177,126,142,165,7390,3808,47,36,1232,728,20,20,18,12,27,16,1214,716
17-Oct-2020,181,5589,0,0,92,89,3909,1680,36,38,69,48,56,51,3840,1632,0,0,0,0,0,0,0,0,0,0,0,0
18-Oct-2020,714,15688,102,2644,352,358,9371,6281,185,162,155,126,167,196,9216,6155,57,45,1565,1079,30,20,18,13,27,25,1547,1066
19-Oct-2020,687,14241,97,2577,357,327,7584,6632,166,139,177,151,191,188,7407,6481,55,42,1472,1105,29,26,23,14,26,16,1449,1091
20-Oct-2020,653,13225,89,2073,308,342,6505,6676,170,141,175,138,138,201,6330,6538,41,48,1101,972,22,28,21,13,19,20,1080,959
21-Oct-2020,552,14317,71,2341,286,264,6739,7538,138,112,163,133,148,152,6576,7405,44,27,1223,1118,26,11,27,14,18,16,1196,1104
22-Oct-2020,463,13468,58,2231,214,246,6560,6873,106,95,109,125,108,151,6451,6748,26,32,1199,1032,15,12,10,11,11,20,1189,1021
23-Oct-2020,346,7605,51,1204,169,176,3619,3964,58,81,90,78,111,95,3529,3886,18,33,612,591,7,14,7,5,11,19,605,586
24-Oct-2020,161,3113,0,0,83,77,1576,1536,38,41,45,54,45,36,1531,1482,0,0,0,0,0,0,0,0,0,0,0,0
25-Oct-2020,409,12392,78,1865,181,220,5555,6799,94,109,109,103,87,111,5446,6696,32,46,929,936,21,28,17,6,11,18,912,930
26-Oct-2020,499,13402,61,2102,249,243,6302,7033,129,98,171,166,120,145,6131,6867,29,32,1104,998,17,17,19,15,12,15,1085,983
27-Oct-2020,423,12765,57,1971,206,217,6321,6411,115,116,153,161,91,101,6168,6250,28,29,1025,946,17,17,9,12,11,12,1016,934
28-Oct-2020,390,13587,45,2134,199,188,7398,6154,91,80,175,143,108,108,7223,6011,24,21,1156,977,12,12,20,9,12,9,1136,968
29-Oct-2020,388,14971,48,2110,187,191,8235,6698,79,82,131,124,108,109,8104,6574,24,24,1178,932,11,12,10,7,13,12,1168,925
30-Oct-2020,276,10716,0,0,142,131,6038,4674,81,67,136,116,61,64,5902,4558,0,0,0,0,0,0,0,0,0,0,0,0
31-Oct-2020,166,3532,0,0,92,74,1933,1595,46,37,48,42,46,37,1885,1553,0,0,0,0,0,0,0,0,0,0,0,0
01-Nov-2020,442,13011,45,1917,228,213,6495,6497,125,103,184,176,103,110,6311,6321,22,23,931,986,15,11,16,11,7,12,915,975
02-Nov-2020,457,11120,62,1899,214,242,5428,5670,121,82,132,133,93,160,5296,5537,36,26,916,983,22,12,18,11,14,14,898,972
03-Nov-2020,456,13576,51,2243,251,204,6615,6943,139,102,170,163,112,102,6445,6780,29,22,1116,1127,18,11,14,14,11,11,1102,1113
04-Nov-2020,411,13493,61,2168,202,208,6574,6864,94,84,163,157,108,124,6411,6707,31,30,1055,1110,18,13,22,12,13,17,1033,1098
05-Nov-2020,352,13632,45,2111,191,161,6665,6935,95,63,143,141,96,98,6522,6794,23,22,1038,1073,11,4,9,11,12,18,1029,1062
06-Nov-2020,259,8306,40,1417,158,100,4046,4248,78,46,113,94,80,54,3933,4154,24,16,670,747,14,6,14,4,10,10,656,743
07-Nov-2020,139,4218,0,0,70,68,2165,2046,46,34,69,71,24,34,2096,1975,0,0,0,0,0,0,0,0,0,0,0,0
08-Nov-2020,411,13953,78,2239,210,201,6720,7198,119,93,198,196,91,108,6522,7002,38,40,1098,1141,25,24,21,19,13,16,1077,1122
09-Nov-2020,381,13385,56,2320,185,196,6808,6543,108,91,150,119,77,105,6658,6424,32,24,1155,1163,19,14,8,6,13,10,1147,1157
10-Nov-2020,427,13755,49,2381,234,190,6905,6820,117,89,169,153,117,101,6736,6667,29,20,1158,1223,15,9,14,17,14,11,1144,1206
11-Nov-2020,382,14267,53,2364,191,191,7073,7157,108,88,184,157,83,103,6889,7000,30,23,1141,1223,17,13,21,17,13,10,1120,1206
12-Nov-2020,460,14580,60,2314,238,217,7298,7255,113,90,152,153,125,127,7146,7102,33,27,1187,1124,15,13,15,6,18,14,1172,1118
13-Nov-2020,296,9698,47,1580,148,147,4859,4826,73,69,126,111,75,78,4733,4715,21,26,782,798,13,17,14,12,8,9,768,786
14-Nov-2020,195,5040,33,763,100,95,2495,2540,52,41,97,85,48,54,2398,2455,15,18,362,401,7,9,11,7,8,9,351,394
15-Nov-2020,443,14715,63,2170,243,199,7271,7400,113,93,208,197,130,106,7063,7203,35,28,1090,1076,18,16,19,4,17,12,1071,1072
16-Nov-2020,494,16864,71,2388,272,221,8278,8560,139,115,219,205,133,106,8059,8355,34,37,1187,1199,22,22,12,11,12,15,1175,1188
17-Nov-2020,468,19263,75,2702,248,217,9327,9849,130,85,201,168,118,132,9126,9681,40,35,1343,1355,25,12,24,12,15,23,1319,1343
18-Nov-2020,435,18252,59,2825,232,202,8960,9181,115,102,217,197,117,100,8743,8984,29,29,1405,1411,12,16,22,20,17,13,1383,1391
19-Nov-2020,488,21123,55,3766,254,227,10202,10751,123,95,209,207,131,132,9993,10544,31,24,1811,1945,13,15,22,29,18,9,1789,1916
20-Nov-2020,324,12416,51,2122,176,147,6046,6326,106,59,179,157,70,88,5867,6169,21,30,1056,1066,12,16,14,16,9,14,1042,1050
21-Nov-2020,228,5781,0,0,124,104,2841,2916,65,54,87,88,59,50,2754,2828,0,0,0,0,0,0,0,0,0,0,0,0
22-Nov-2020,472,17955,55,2703,252,220,8384,9504,120,98,199,194,132,122,8185,9310,31,24,1242,1461,21,11,16,19,10,13,1226,1442
23-Nov-2020,471,19671,70,2812,255,213,9728,9870,137,102,175,186,118,111,9553,9684,34,36,1326,1480,22,22,19,11,12,14,1307,1469
24-Nov-2020,519,22213,71,3090,287,232,10717,11358,141,117,224,173,146,115,10493,11185,34,37,1442,1643,19,17,20,16,15,20,1422,1627
25-Nov-2020,650,21066,83,2771,346,299,10079,10895,173,135,233,216,173,164,9846,10679,40,43,1327,1433,26,28,18,17,14,15,1309,1416
26-Nov-2020,574,21388,83,3950,299,271,10626,10654,145,115,218,195,154,156,10408,10459,43,40,1947,2000,24,23,27,22,19,17,1920,1978
27-Nov-2020,448,13004,90,2042,242,206,6385,6584,115,79,161,152,127,127,6224,6432,48,42,971,1069,25,20,13,12,23,22,958,1057
28-Nov-2020,312,6112,42,751,165,144,3072,3031,79,56,83,72,86,88,2989,2959,26,16,365,386,15,6,7,8,11,10,358,378
29-Nov-2020,585,18414,100,2563,313,271,8964,9381,151,116,234,219,162,155,8730,9162,56,44,1226,1331,33,20,26,17,23,24,1200,1314
30-Nov-2020,693,22123,112,3099,363,329,11052,10985,187,156,250,228,176,173,10802,10757,57,55,1536,1561,36,23,28,25,21,32,1508,1536
01-Dec-2020,750,24396,98,3219,401,346,12063,12247,202,163,292,268,199,183,11771,11979,42,56,1591,1626,24,32,22,13,18,24,1569,1613
02-Dec-2020,844,23621,151,2853,465,375,11975,11460,237,171,288,231,228,204,11687,11229,77,74,1382,1449,39,39,20,22,38,35,1362,1427
03-Dec-2020,813,23577,142,4138,439,372,12010,11453,216,151,245,225,223,221,11765,11228,68,74,2145,1990,42,32,23,29,26,42,2122,1961
04-Dec-2020,690,19598,85,3003,380,310,9862,9703,165,111,286,240,215,199,9576,9463,52,33,1533,1467,24,15,32,23,28,18,1501,1444
05-Dec-2020,539,9103,81,1107,273,266,4610,4459,132,119,143,121,141,147,4467,4338,41,40,538,569,17,21,13,16,24,19,525,553
06-Dec-2020,825,21984,104,3068,420,405,11000,10858,206,210,245,221,214,195,10755,10637,53,51,1478,1587,26,27,26,23,27,24,1452,1564
07-Dec-2020,873,24967,120,2996,452,418,12246,12550,231,202,296,249,221,216,11950,12301,47,73,1401,1588,32,41,25,26,15,32,1376,1562
08-Dec-2020,933,26002,144,3290,523,409,13124,12750,267,191,249,216,256,218,12875,12534,79,65,1647,1629,42,38,28,28,37,27,1619,1601
09-Dec-2020,1009,25296,137,2966,518,488,12494,12690,258,192,262,191,260,296,12232,12499,63,74,1466,1493,29,37,20,20,34,37,1446,1473
10-Dec-2020,916,28408,140,3544,468,447,14487,13794,248,180,267,213,220,267,14220,13581,73,67,1766,1769,41,28,35,24,32,39,1731,1745
11-Dec-2020,830,25382,119,2854,434,395,12696,12609,233,168,247,232,201,227,12449,12377,58,61,1390,1463,36,34,21,29,22,27,1369,1434
12-Dec-2020,474,9764,65,1059,241,233,4940,4808,110,100,102,92,131,133,4838,4716,27,38,503,556,11,23,9,10,16,15,494,546
13-Dec-2020,1074,26521,136,3036,572,499,13213,13193,294,238,218,210,278,261,12995,12983,72,64,1487,1545,45,39,22,23,27,25,1465,1522
14-Dec-2020,1255,27015,181,3341,632,620,13747,13152,350,287,213,153,282,333,13534,12999,93,88,1680,1657,52,41,19,17,41,47,1661,1640
15-Dec-2020,1342,29577,204,3633,693,645,14738,14739,357,301,234,186,336,344,14504,14553,99,105,1853,1776,52,44,23,15,47,61,1830,1761
16-Dec-2020,1416,26473,189,3064,778,637,13360,13004,392,280,205,147,386,357,13155,12857,108,81,1550,1502,57,44,21,19,51,37,1529,1483
17-Dec-2020,1516,28961,227,4258,790,726,14356,14499,380,310,253,194,410,416,14103,14305,115,112,2081,2174,54,49,29,32,61,63,2052,2142
18-Dec-2020,995,22090,152,2995,520,474,10829,11199,281,212,166,139,239,262,10663,11060,82,70,1541,1448,54,43,16,21,28,27,1525,1427
19-Dec-2020,917,14084,128,1953,435,478,6926,7143,212,218,98,77,223,260,6828,7066,49,79,977,972,32,42,6,15,17,37,971,957
20-Dec-2020,1618,24936,208,3279,806,810,12005,12801,434,409,196,181,372,401,11809,12620,85,123,1630,1645,50,57,17,20,35,66,1613,1625
21-Dec-2020,1948,27005,252,3529,1010,927,13500,13409,552,418,210,166,458,509,13290,13243,114,137,1828,1698,70,67,17,10,44,70,1811,1688
22-Dec-2020,1762,25948,259,3082,922,834,13000,12819,438,391,268,207,484,443,12732,12612,134,125,1583,1495,66,69,16,15,68,56,1567,1480
23-Dec-2020,1796,28578,249,3129,897,892,14349,14148,466,400,280,257,431,492,14069,13891,121,128,1570,1556,70,57,26,24,51,71,1544,1532
24-Dec-2020,2042,27310,283,3033,1095,945,13823,13421,585,403,300,222,510,542,13523,13199,155,128,1533,1492,93,48,19,20,62,80,1514,1472
25-Dec-2020,1342,20603,206,2345,707,634,10351,10194,355,265,208,177,352,369,10143,10017,105,101,1232,1106,55,51,23,23,50,50,1209,1083
26-Dec-2020,1146,17295,177,1833,611,534,8602,8650,286,230,141,137,325,304,8461,8513,84,93,920,910,40,35,15,12,44,58,905,898
27-Dec-2020,2046,25722,249,2639,987,1045,13283,12241,508,490,330,252,479,555,12953,11989,119,130,1392,1240,61,59,19,19,58,71,1373,1221
28-Dec-2020,2460,30886,350,2842,1236,1203,15671,14991,655,549,392,285,581,654,15279,14706,169,181,1475,1357,90,94,29,17,79,87,1446,1340
29-Dec-2020,2573,30916,282,2728,1320,1239,15774,14905,685,551,380,263,635,688,15394,14642,147,135,1401,1314,80,71,24,15,67,64,1377,1299
30-Dec-2020,2644,29748,339,2519,1356,1272,15304,14237,654,531,356,280,702,741,14948,13957,167,171,1327,1183,95,84,36,26,72,87,1291,1157
31-Dec-2020,2584,29230,296,2534,1333,1239,15028,14078,640,529,376,293,693,710,14652,13785,149,147,1338,1194,74,83,32,21,75,64,1306,1173
01-Jan-2021,1739,21666,217,1880,838,896,10946,10613,415,399,265,209,423,497,10681,10404,110,107,1005,875,60,51,21,12,50,56,984,863
02-Jan-2021,1396,17501,178,1567,706,685,8874,8579,354,313,186,154,352,372,8688,8425,92,86,769,798,51,44,15,17,41,42,754,781
03-Jan-2021,3346,30857,383,2606,1662,1675,15682,15020,868,766,397,293,794,909,15285,14727,190,193,1314,1286,107,94,29,23,83,99,1285,1263
04-Jan-2021,3631,34633,422,2688,1884,1727,17659,16783,969,757,443,303,915,970,17216,16480,214,208,1400,1277,113,97,26,21,101,111,1374,1256
05-Jan-2021,3278,31143,407,2722,1659,1607,15829,15168,818,695,378,283,841,912,15451,14885,218,189,1404,1312,123,84,19,14,95,105,1385,1298
06-Jan-2021,3284,31363,399,2822,1650,1619,16002,15233,793,677,390,264,857,942,15612,14969,198,201,1444,1374,85,93,21,22,113,108,1423,1352
07-Jan-2021,3552,31506,435,2824,1830,1701,16098,15317,834,695,531,333,996,1006,15567,14984,226,208,1473,1350,105,94,31,24,121,114,1442,1326
08-Jan-2021,1958,19604,269,1944,970,974,9702,9817,467,431,247,207,503,543,9455,9610,146,123,993,947,69,70,22,22,77,53,971,925
09-Jan-2021,2089,22367,275,1958,1082,1001,11123,11215,528,439,254,244,554,562,10869,10971,139,136,986,971,68,76,23,18,71,60,963,953
10-Jan-2021,3954,31705,466,3089,2027,1904,15539,16061,1033,813,452,359,994,1091,15087,15702,221,245,1559,1530,137,120,26,31,84,125,1533,1499
11-Jan-2021,3870,30252,468,3154,2003,1849,15231,14830,1021,826,449,302,982,1023,14782,14528,241,227,1620,1531,144,137,25,20,97,90,1595,1511
12-Jan-2021,3652,28289,484,2943,1868,1765,14134,14013,856,740,375,301,1012,1025,13759,13712,260,224,1515,1427,150,114,23,24,110,110,1492,1403
13-Jan-2021,3817,29150,499,3226,1941,1864,14746,14317,890,714,378,300,1051,1150,14368,14017,252,247,1679,1547,126,112,17,20,126,135,1662,1527
14-Jan-2021,3237,22908,434,2976,1716,1517,11507,11353,737,588,328,259,979,929,11179,11094,228,206,1645,1330,126,87,22,16,102,119,1623,1314
15-Jan-2021,2148,15013,297,1817,1149,988,7572,7398,530,399,215,141,619,589,7357,7257,170,127,983,833,91,44,19,12,79,83,964,821
16-Jan-2021,992,8989,168,1080,500,491,4456,4528,261,216,90,93,239,275,4366,4435,81,87,541,539,36,44,7,10,45,43,534,529
17-Jan-2021,3350,20449,406,2380,1735,1607,9933,10446,819,702,272,235,916,905,9661,10211,203,203,1188,1192,114,110,16,19,89,93,1172,1173
18-Jan-2021,3552,21624,450,2814,1815,1728,10436,11108,880,781,336,238,935,947,10100,10870,241,209,1451,1363,144,100,17,26,97,109,1434,1337
19-Jan-2021,3060,16502,379,2168,1570,1478,8045,8402,733,623,251,182,837,855,7794,8220,208,171,1153,1011,110,91,14,11,98,80,1139,1000
20-Jan-2021,3039,18365,362,2129,1538,1492,8908,9388,755,604,288,205,783,888,8620,9183,184,178,1119,1007,119,85,18,10,65,93,1101,997
21-Jan-2021,2988,17184,352,2213,1486,1493,8405,8731,697,595,233,166,789,898,8172,8565,190,161,1167,1040,108,77,17,8,82,84,1150,1032
22-Jan-2021,1695,10796,222,1409,879,814,5249,5512,406,331,160,132,473,483,5089,5380,116,106,745,664,63,54,13,10,53,52,732,654
23-Jan-2021,817,6517,115,812,413,399,3179,3332,213,177,77,74,200,222,3102,3258,73,42,381,431,35,18,5,7,38,24,376,424
24-Jan-2021,2885,15992,331,1938,1448,1429,7729,8191,732,583,235,168,716,846,7494,8023,173,158,965,971,97,68,13,9,76,90,952,962
25-Jan-2021,3105,17318,330,1974,1561,1532,8367,8870,759,669,284,223,802,863,8083,8647,174,156,1086,885,101,71,12,11,73,85,1074,874
26-Jan-2021,2747,16355,304,1877,1376,1358,8031,8236,661,584,249,177,715,774,7782,8059,165,139,993,881,81,63,10,13,84,76,983,868
27-Jan-2021,2757,15626,251,1724,1307,1443,7700,7861,680,615,234,198,627,828,7466,7663,133,117,896,828,80,54,12,10,53,63,884,818
28-Jan-2021,2442,15038,242,1603,1219,1203,7304,7617,584,529,204,163,635,674,7100,7454,131,111,843,758,69,55,13,10,62,56,830,748
29-Jan-2021,1490,8479,159,959,708,769,4098,4286,362,304,116,64,346,465,3982,4222,93,66,506,453,51,30,7,2,42,36,499,451
30-Jan-2021,894,6166,70,691,415,477,3007,3145,218,208,69,64,197,269,2938,3081,32,38,344,346,16,16,6,4,16,22,338,342
31-Jan-2021,3173,17110,286,1797,1516,1649,7967,9057,676,622,218,179,840,1027,7749,8878,155,131,893,899,71,59,10,6,84,72,883,893
01-Feb-2021,2963,16035,280,1824,1472,1478,7701,8239,739,606,224,154,733,872,7477,8085,163,117,938,884,91,47,12,7,72,70,926,877
02-Feb-2021,2959,16698,243,1682,1454,1495,7896,8627,733,621,218,168,721,874,7678,8459,130,113,912,765,69,57,11,5,61,56,901,760
03-Feb-2021,2683,16360,230,1671,1322,1350,7858,8325,627,556,183,140,695,794,7675,8185,130,100,933,734,63,53,10,5,67,47,923,729
04-Feb-2021,2633,15240,227,1642,1298,1329,7384,7794,640,522,181,135,658,807,7203,7659,110,117,865,770,68,50,11,6,42,67,854,764
05-Feb-2021,1509,9852,140,1039,727,777,4600,5233,363,319,100,89,364,458,4500,5144,68,72,528,510,39,32,1,3,29,40,527,507
06-Feb-2021,941,6074,103,625,500,435,2947,3113,272,208,51,48,228,227,2896,3065,62,41,340,285,32,21,2,1,30,20,338,284
07-Feb-2021,2764,15375,234,1622,1405,1335,7612,7667,692,567,127,101,713,768,7485,7566,126,108,873,746,69,54,9,2,57,54,864,744
08-Feb-2021,2565,15079,220,1563,1329,1230,7467,7522,607,486,143,120,722,744,7324,7402,129,91,862,695,70,42,4,0,59,49,858,695
09-Feb-2021,2290,14604,219,1427,1174,1104,7115,7405,584,458,134,96,590,646,6981,7309,137,80,768,655,77,36,5,5,60,44,763,650
10-Feb-2021,1995,14107,176,1359,1002,987,7104,6925,516,416,102,78,486,571,7002,6847,99,76,762,593,60,33,2,2,39,43,760,591
11-Feb-2021,1860,13091,157,1227,953,898,6403,6624,492,364,90,67,461,534,6313,6557,96,61,678,545,55,30,1,3,41,31,677,542
12-Feb-2021,1095,7373,90,788,556,531,3638,3720,272,211,48,36,284,320,3590,3684,51,39,421,366,29,16,1,3,22,23,420,363
13-Feb-2021,652,5115,53,444,339,313,2596,2510,199,151,26,12,140,162,2570,2498,34,19,231,213,19,8,0,0,15,11,231,213
14-Feb-2021,2024,13283,179,1286,1062,959,6427,6746,574,453,56,62,488,506,6371,6684,104,75,714,567,66,46,8,1,38,29,706,566
15-Feb-2021,1890,13423,136,1194,948,932,6526,6802,491,406,47,36,457,526,6479,6766,85,51,645,542,52,23,1,1,33,28,644,541
16-Feb-2021,1785,13349,135,1031,912,845,6544,6407,501,343,35,26,411,502,6509,6381,80,54,549,463,53,23,4,1,27,31,545,462
17-Feb-2021,1258,9309,86,734,599,603,4445,4474,309,246,13,13,290,357,4432,4461,45,40,406,313,25,14,0,0,20,26,406,313
18-Feb-2021,1369,11498,123,924,666,642,5457,5366,284,227,7,10,382,415,5450,5356,68,53,486,412,30,21,1,1,38,32,485,411
